0.056371
0.063446
0.077977
0.088937
0.096501
0.10908
0.11638
0.1244
0.13087
0.13285
0.13873
0.13058
0.13409
0.13007
0.12298
0.12113
0.1101
0.10655
0.091878
0.091278
0.088458
0.082405
0.08742
0.087158
0.096031
0.1073
0.11778
0.13928
0.15171
0.18761
0.21186
0.24576
0.28643
0.31193
0.36269
0.39558
0.42968
0.46039
0.48779
0.53775
0.54398
0.58525
0.61192
0.6015
0.62794
0.62486
0.62313
0.5961
0.5945
0.60223
0.54804
0.55051
0.52701
0.49126
0.47877
0.44293
0.42838
0.37757
0.3749
0.3615
0.33019
0.32874
0.30979
0.30281
0.27759
0.28235
0.28542
0.26447
0.2718
0.26357
0.25629
0.25416
0.23822
0.2351
0.20794
0.20182
0.18568
0.16335
0.14904
0.12472
0.10589
0.088167
0.063976
0.047528
0.030608
0.018493
0.0090039
0.0032797
0.0018274
0.0049743
0.012511
0.023163
0.040437
0.058317
0.081691
0.10974
0.13254
0.16789
0.19542
0.22091
0.25257
0.27522
0.30185
0.30886
0.33437
0.35601
0.34551
0.36344
0.36071
0.35495
0.3544
0.33776
0.337
0.30145
0.30534
0.29499
0.27503
0.27607
0.26135
0.2634
0.24194
0.25866
0.27052
0.26559
0.29167
0.29959
0.31921
0.34131
0.35017
0.38179
0.37184
0.40945
0.41895
0.42504
0.44716
0.43332
0.44906
0.44498
0.42581
0.4189
0.39205
0.39685
0.36659
0.35958
0.35648
0.32413
0.33286
0.32369
0.32544
0.32239
0.33803
0.37305
0.37295
0.42857
0.46263
0.49603
0.55036
0.58748
0.6485
0.6547
0.72847
0.77837
0.77585
0.83269
0.8366
0.84928
0.81217
0.82107
0.84116
0.75641
0.76434
0.72466
0.67166
0.65335
0.59177
0.57684
0.50009
0.51406
0.51304
0.49419
0.53771
0.55032
0.61063
0.67108
0.72774
0.83845
0.87821
1.0381
1.1233
1.2376
1.3828
1.4298
1.5965
1.659
1.72
1.7742
1.7829
1.8972
1.8265
1.8906
1.911
1.8041
1.8497
1.7831
1.7694
1.6786
1.6929
1.7627
1.6565
1.8001
1.8431
1.9167
1.9815
2.1185
2.4064
2.4187
2.7833
3.0311
3.1682
3.5371
3.7093
4.0272
4.0168
4.4032
4.7607
4.6456
5.0562
5.1179
5.2112
5.406
5.3054
5.5704
5.152
5.5077
5.5492
5.4371
5.7237
5.5862
5.8607
5.9771
6.0068
6.3573
6.2768
6.9339
7.0541
7.5191
8.1011
8.1385
9.0106
9.2676
9.7685
10.083
10.444
11.358
11.176
12.136
12.535
12.549
12.979
12.912
14.028
13.728
14.562
15.484
15.05
16.438
16.82
17.616
17.844
18.996
21.077
20.626
23.385
24.819
25.827
28.315
29.355
31.996
31.54
35.114
37.748
37.661
41.348
42.159
44.199
46.205
46.378
49.675
47.1
51.119
51.726
52.011
54.808
53.602
56.751
57.005
57.498
59.415
58.607
63.361
62.87
66.568
70.001
69.657
75.011
73.569
81.652
83.23
87.42
94.939
93.602
103.16
106.52
109.33
112.9
114.96
125.45
122.55
131.87
138.11
135.45
145.07
145.6
150.7
147.47
154.01
164.32
156.02
169.06
171.31
173.23
181.38
181.13
192.17
182.07
198.89
206.71
204.77
220.13
220.45
231.58
237.85
239.82
254.93
245.36
266.32
267.95
274.02
287.33
281.71
300.39
280.07
302.66
306.79
303.28
321.05
310.96
325.02
330.19
322.13
331.9
319.04
340.71
332.4
340.77
355.25
337.99
361.46
360.12
363.29
361.65
364.19
387.86
369.18
394.78
402.31
394.8
414.53
410.64
424.25
406.66
425.69
444.92
421.26
447.66
443.94
446.31
454.41
445.85
464.47
429
457.57
458.74
447.4
464.49
450.62
463.95
429.9
454.47
466.34
443.95
469.87
460.33
468.15
480.29
465.89
491.26
460.01
495.42
496.71
498.43
527.1
511.2
543.7
550.31
549.22
564.64
555.78
597.95
584.13
611.83
638.56
616.67
658.51
656.92
670.85
661.83
675.26
715.15
675.36
724.06
729.48
720.43
746.31
734.81
759.48
716.88
754.73
774.34
738.89
777.28
763.67
773.32
738.66
759.23
799.77
741.79
789.67
785.89
778.41
804.49
781.82
814.4
749.86
803.79
817.26
790.47
833.05
810.93
832.75
843.2
818.98
851.46
801.95
852.64
837.19
839.46
868.75
826.97
869.23
854.89
845.91
841.88
821.32
860.66
816.12
844.73
853.34
814.23
844.18
822.58
830
794.92
806.16
834.94
776.66
819.76
809.29
798.52
779.74
775.13
816.6
758.4
801.67
809.84
779.66
812.46
793.29
809.42
763.39
794.46
825.92
775.2
821.57
810.87
812.17
831.88
807.95
845.39
778.87
831.53
834.47
815.28
851.61
822.02
849.2
847.77
828.5
847.13
804.71
848.84
822.45
830.72
849.48
804.45
843.28
821.99
819.08
803.47
791.45
823.45
774.18
808.13
804.63
776.77
777.37
748.9
788.91
748.09
768.14
790.63
740.23
776.58
761.96
759.51
732.47
736.3
771.18
709.88
752.56
749.69
726.92
746.88
722.2
736.13
680.36
708.42
717.79
673.45
699.46
674.91
671.39
669.3
639.28
655.69
595.68
620.78
603.86
584.19
593.37
558.38
569.36
550.54
533.09
528.67
499.3
515.97
488.37
491.89
493.04
464.26
480.05
463.17
463.33
448.2
446.12
461.69
432.13
454.86
450.53
441.94
439.12
430.44
454.42
429.21
448.03
456.75
435.08
454.5
444.58
448.24
427.53
434.85
452.13
417.05
438.44
430.78
420.79
425.91
409.23
417.23
379.15
396.55
394.84
373.33
383.77
366.95
367.89
362.55
348.15
355.19
327.76
342.42
332.23
327.73
333.67
316.35
328.32
317.9
314
311.11
300.4
311.56
294.91
301.47
300.36
285.21
286.75
268.51
278.71
263.84
261.67
264.05
241.74
248.61
238.25
229.69
218.92
210.55
214.45
194.58
198.67
194.02
181.52
182.93
173.77
172.28
158.91
160.36
162.44
148.61
153.43
147.99
144.48
143.71
136.95
139.15
125.15
129.83
126.71
119.89
120.86
113.37
112.72
107.68
102.29
100.78
91.829
92.874
86.79
84.003
82.167
75.549
75.729
67.383
68.939
65.798
62.756
63.386
58.515
59.463
57.766
54.927
54.162
51.028
52.624
49.229
49.286
49.314
45.364
46.221
43.898
42.543
39.838
38.418
38.465
34.225
34.535
32.706
30.33
29.511
27.244
26.458
23.441
23.256
22.546
20.337
20.361
19.08
18.498
17.958
17.02
17.284
15.572
16.197
15.795
15.299
15.549
14.776
15.08
13.616
14.193
14.066
13.201
13.469
12.643
12.476
12.125
11.238
11.13
9.9679
10.038
9.328
8.8397
8.6521
7.772
7.7355
7.2076
6.7788
6.4358
6.0013
6.0561
5.5336
5.5594
5.4825
5.103
5.2028
4.9814
4.9528
4.6802
4.6703
4.7673
4.3581
4.5017
4.336
4.1643
4.0951
3.8551
3.8212
3.3995
3.4217
3.2772
2.9961
2.954
2.7268
2.6413
2.3636
2.3504
2.3482
2.1272
2.2015
2.1327
2.112
2.1633
2.0945
2.2082
2.0565
2.2052
2.2335
2.1917
2.2934
2.2057
2.2561
2.2204
2.1207
2.1004
1.9261
1.9314
1.7723
1.6811
1.5932
1.4033
1.3481
1.1936
1.0942
0.97774
0.88412
0.8527
0.7486
0.74986
0.72922
0.6998
0.73596
0.73851
0.78569
0.78644
0.84972
0.92732
0.9099
0.99239
1.0051
1.0241
1.0054
1.0049
1.0326
0.93672
0.94549
0.88784
0.81137
0.76292
0.67351
0.61992
0.50919
0.47046
0.41463
0.34292
0.31732
0.27623
0.25871
0.25253
0.24411
0.26923
0.26759
0.31221
0.34413
0.3737
0.42746
0.44424
0.49407
0.51928
0.53033
0.5491
0.53565
0.55421
0.52378
0.51453
0.49013
0.44166
0.41743
0.36282
0.32903
0.27898
0.24249
0.21431
0.17339
0.16072
0.1419
0.13165
0.13003
0.13269
0.15447
0.1628
0.19167
0.22458
0.23923
0.27881
0.29977
0.32614
0.33646
0.35657
0.3824
0.36479
0.38117
0.37062
0.35714
0.34671
0.31992
0.30835
0.2644
0.25667
0.23404
0.20608
0.19645
0.17604
0.1705
0.16417
0.15928
0.17031
0.16748
0.19011
0.20271
0.21983
0.24792
0.25683
0.28914
0.30278
0.31692
0.331
0.33368
0.35224
0.34127
0.34838
0.3413
0.32249
0.31182
0.28205
0.27432
0.24413
0.22546
0.20575
0.17515
0.16183
0.13799
0.12308
0.10669
0.095437
0.0927
0.082119
0.085446
0.087598
0.087733
0.097185
0.10138
0.11099
0.11444
0.12424
0.13578
0.13413
0.14397
0.14422
0.14473
0.14455
0.13846
0.13747
0.12266
0.11957
0.10881
0.09695
0.087854
0.07473
0.065996
0.05315
0.045163
0.036953
0.028326
0.024066
0.018945
0.016439
0.015226
0.014154
0.016044
0.016737
0.020472
0.023819
0.027108
0.032555
0.035002
0.040426
0.044385
0.046539
0.050071
0.051113
0.055522
0.055276
0.057845
0.060033
0.058211
0.061066
0.060039
0.061049
0.060117
0.060774
0.063839
0.060981
0.064999
0.065771
0.066053
0.069191
0.069022
0.072703
0.07098
0.075219
0.078185
0.076531
0
