0.1088
0.092494
0.086522
0.075868
0.063539
0.056508
0.04689
0.04069
0.034174
0.030156
0.028955
0.025776
0.029246
0.032189
0.036769
0.045412
0.051996
0.064629
0.071267
0.08759
0.1027
0.1136
0.13374
0.14484
0.16311
0.17929
0.18793
0.20619
0.20783
0.22761
0.2317
0.23945
0.24983
0.24372
0.25503
0.24751
0.24517
0.23837
0.22835
0.22845
0.20978
0.20699
0.194
0.17786
0.16968
0.15296
0.1444
0.12719
0.11996
0.11328
0.098866
0.097912
0.09136
0.088423
0.088555
0.087942
0.094277
0.091645
0.10447
0.1145
0.11996
0.13706
0.14581
0.16212
0.16655
0.1861
0.20691
0.20791
0.23152
0.23932
0.24986
0.26377
0.26351
0.28037
0.26314
0.27933
0.27822
0.27053
0.27607
0.26122
0.2622
0.25078
0.23792
0.23115
0.21032
0.21044
0.19323
0.18657
0.18062
0.1642
0.16657
0.15774
0.15607
0.15245
0.15325
0.16495
0.16089
0.17883
0.19056
0.19702
0.21914
0.23022
0.25248
0.25751
0.2842
0.31244
0.31147
0.34418
0.35377
0.368
0.38155
0.38518
0.40443
0.37924
0.4012
0.39629
0.38243
0.38298
0.36179
0.35635
0.31529
0.31437
0.29843
0.26482
0.25647
0.23049
0.21529
0.19914
0.18162
0.17922
0.15921
0.17083
0.17345
0.18243
0.20817
0.22108
0.26301
0.29998
0.33591
0.39012
0.43079
0.51673
0.56003
0.64521
0.73539
0.77171
0.88562
0.94181
1.0234
1.0678
1.1411
1.2503
1.2315
1.3514
1.3832
1.3977
1.4514
1.4405
1.4873
1.4043
1.4599
1.4591
1.3717
1.3937
1.3243
1.2962
1.1865
1.1682
1.1622
1.0272
1.0368
0.97497
0.92051
0.89974
0.84509
0.84957
0.7569
0.80855
0.8211
0.80327
0.86944
0.87823
0.94514
1.0086
1.0408
1.1557
1.1608
1.3214
1.3867
1.4851
1.6309
1.6545
1.8403
1.9006
1.9852
2.0668
2.1064
2.2865
2.2543
2.4098
2.4886
2.4541
2.5952
2.5803
2.6679
2.6036
2.6981
2.8311
2.6961
2.9072
2.9245
2.9716
2.9745
3.0592
3.3282
3.204
3.5402
3.724
3.7592
4.1047
4.2179
4.5296
4.4854
4.935
5.3936
5.3205
5.9289
6.1367
6.4423
6.8653
6.9925
7.5966
7.2552
8.036
8.3181
8.3843
8.9808
8.9282
9.4408
9.5824
9.6236
10.023
9.6989
10.418
10.281
10.586
10.973
10.646
11.385
11.3
11.577
11.638
11.81
12.642
12.305
13.338
13.756
13.869
14.473
14.591
16.125
16.029
17.345
18.718
18.454
20.388
21.024
22.076
22.316
23.652
25.935
25.014
27.857
28.96
29.413
31.46
31.855
33.814
32.473
35.367
37.193
36.32
39.213
39.373
40.775
42.036
42.103
44.902
42.368
46.214
46.884
47.464
50.284
49.782
53.199
53.809
54.984
57.287
56.974
62.036
61.946
65.849
69.329
68.985
74.197
72.447
80.225
81.376
85.11
91.917
90.134
99.052
101.89
104.14
107.2
109.09
119.01
116.19
125.47
131.53
129.27
138.86
139.89
145.12
142
149.15
159.11
150.94
163.67
165.49
166.73
173.42
172.87
181.59
170.11
184.76
190.11
186.19
198.14
196.82
204.53
208.08
208.51
220.41
210.59
228.56
229.91
235.4
247.47
244.4
262.66
245.79
269.91
276.9
277.56
298.26
293.74
312.22
322.31
319.56
334.39
326.18
353.99
349.88
363.7
382.86
367.6
396.63
397.86
402.67
401.45
405.6
431.61
410.26
438.61
445.67
435.33
455.29
450.18
462.23
440.34
460.69
479.96
452.38
480.57
476.47
478.54
486.8
480.53
500.81
462.57
497.28
501
491.07
512.69
501.85
519.4
482.17
515.55
532.11
508.67
541.42
533
543.46
557.78
542.35
571.53
532.66
572.97
571.86
570.47
598.5
576.63
607.63
608.57
600.31
609.85
592.66
629.68
607.23
628.06
646.2
615.49
649.07
639.16
644.15
626.96
633.3
662.33
618.27
657.53
655.57
641.78
658.53
645.43
661.24
619.07
650.3
663.18
629.49
659.76
646.74
652.28
618.63
637.49
669.84
618.26
658.62
654.63
647.11
667.29
650.17
675.61
618.8
666.66
678.27
655.98
692.95
677.1
697.12
708.42
691.31
723.37
684.09
734.75
727.61
736.96
770
742.05
790.64
787.83
789.77
796.72
789.37
840.03
809.15
852.02
873.74
846.45
891.4
882.8
902.81
875.4
901.93
944.48
888.07
948.49
944.93
939.82
921.76
924.37
977.08
909.07
965.36
974.86
937.36
974.1
950.2
963.2
900.15
934.02
962.62
893.52
938.19
916.57
905.91
914.63
879.54
905.91
819.45
864.46
854.8
821.55
844.91
805.04
818.25
805.01
775.2
782.22
732.16
763.77
731.95
731.37
739.9
694.39
722.91
699.69
692.2
674.94
662.16
685.74
642.89
670.37
665.64
641.59
640.97
617.39
650.9
616.76
635.34
654.06
612.69
644.54
634
633.26
610.5
618.16
649.16
598.52
639.59
640.23
624.13
644.85
629.89
645.7
599.21
632.83
647.26
612.6
643.94
629.39
633.2
638.23
619.24
643.32
590.28
625.54
617.07
604.98
622.5
595.07
614.09
601.74
588.59
589.98
562.47
586.68
560.16
567.93
572.07
540.54
560.59
542.12
541.15
522.34
518.88
534
497.36
520.86
512.14
498.26
490.45
477.31
499.64
467.78
485.57
491.15
464.36
482.53
470.44
471.87
447.55
456.12
473.86
436.26
460.43
453.75
444.31
451.15
437.08
446.86
406.92
429.37
429.71
407.76
420.86
404.41
405.71
399.54
384.06
390.77
358.47
372.68
359
350.71
352.44
330.97
338.7
322.73
314.03
306.14
290.82
296.79
277.07
279.2
274.23
257.33
256.09
237.44
245.33
231.11
229.05
230.96
211.68
219.06
211.23
205.08
196.93
191.68
197.19
180.86
187.18
184.65
174.5
177.37
170.24
169.6
156.88
159.4
161.54
147.63
152.3
146.6
142.46
140.69
134.01
135.03
120.32
124.51
120.9
113.7
114.13
106.99
105.91
101.09
95.882
94.553
86.069
87.289
81.83
79.296
77.69
71.63
71.92
63.852
65.468
62.42
59.43
59.782
55.101
55.784
53.884
51.061
50.101
47.061
48.508
45.357
45.599
45.766
42.346
43.594
41.967
41.178
39.104
38.563
39.429
35.819
37.146
36.163
34.323
34.301
32.61
32.291
29.204
29.587
29.156
26.539
26.729
25.14
24.177
23.223
21.731
21.571
18.901
19.131
18.109
16.952
16.668
15.398
15.226
13.285
13.645
13.304
12.31
12.521
11.779
11.708
11.553
10.902
11.103
10.223
10.718
10.361
10.248
10.478
9.8431
10.234
9.9714
9.6923
9.4999
9.1256
9.3978
8.7307
8.84
8.7378
8.0688
8.1218
7.6791
7.4192
6.8192
6.6247
6.5643
5.7847
5.8035
5.4495
5.0537
4.8645
4.4905
4.3534
3.8038
3.8176
3.6738
3.3538
3.3554
3.1573
3.1084
2.8328
2.904
2.9752
2.7506
2.906
2.8613
2.8609
2.9339
2.8623
2.9976
2.7491
2.9487
2.9543
2.8716
2.9796
2.8521
2.8999
2.8651
2.7217
2.7155
2.5044
2.5591
2.3964
2.3228
2.288
2.0568
2.06
1.9267
1.8038
1.6814
1.5702
1.5579
1.3904
1.3901
1.3374
1.2374
1.2407
1.1851
1.1834
1.1099
1.1454
1.188
1.1214
1.1976
1.1986
1.2161
1.189
1.228
1.3075
1.2197
1.3115
1.3197
1.2837
1.3191
1.2756
1.2813
1.1652
1.1923
1.1793
1.0702
1.0707
0.9947
0.93735
0.89239
0.79734
0.76653
0.64794
0.62621
0.56671
0.50378
0.47674
0.41502
0.39587
0.36561
0.33559
0.32634
0.30633
0.32482
0.3184
0.34064
0.36458
0.37162
0.41706
0.43787
0.47481
0.49409
0.53183
0.58526
0.58227
0.6439
0.66681
0.67546
0.68528
0.68817
0.73201
0.69511
0.72263
0.73066
0.6808
0.69267
0.66195
0.63619
0.58071
0.56217
0.55441
0.47906
0.46921
0.43226
0.38597
0.36293
0.31889
0.29536
0.24367
0.23181
0.21282
0.18273
0.17511
0.15665
0.14866
0.14266
0.13384
0.13795
0.12926
0.14148
0.14398
0.15075
0.16261
0.16478
0.18165
0.1865
0.19428
0.20135
0.20369
0.21874
0.21446
0.22473
0.22959
0.2201
0.22245
0.20988
0.21718
0.20473
0.20104
0.20092
0.18002
0.18107
0.17131
0.15868
0.14702
0.13755
0.13637
0.11992
0.11954
0.1154
0.10553
0.10613
0.10139
0.10105
0.094474
0.099121
0.1044
0.09973
0.10872
0.11122
0.11521
0.12158
0.12414
0.13344
0.12729
0.14045
0.14495
0.14487
0.1533
0.1518
0.15702
0.15796
0.15424
0.15664
0.14714
0.15175
0.14501
0.1415
0.14023
0.12841
0.12746
0.11227
0.11203
0.10451
0.096385
0.094192
0.083386
0.081164
0.076905
0.069399
0.066538
0.061465
0.06351
0.059851
0.062155
0.065573
0.064099
0.071282
0.074872
0.080587
0.083836
0.09234
0.10433
0.10537
0.12082
0.12965
0.13578
0.14813
0.15479
0.16599
0.1632
0.17871
0.18823
0.18447
0
