-7.9469
-7.9308
-7.9148
-7.8987
-7.8826
-7.8665
-7.8504
-7.8343
-7.8182
-7.8021
-7.786
-7.7699
-7.7538
-7.7378
-7.7217
-7.7056
-7.6895
-7.6734
-7.6573
-7.6412
-7.6251
-7.609
-7.5929
-7.5768
-7.5608
-7.5447
-7.5286
-7.5125
-7.4964
-7.4803
-7.4642
-7.4481
-7.432
-7.4159
-7.3998
-7.3837
-7.3677
-7.3516
-7.3355
-7.3194
-7.3033
-7.2872
-7.2711
-7.255
-7.2389
-7.2228
-7.2067
-7.1907
-7.1746
-7.1585
-7.1424
-7.1263
-7.1102
-7.0941
-7.078
-7.0619
-7.0458
-7.0297
-7.0137
-6.9976
-6.9815
-6.9654
-6.9493
-6.9332
-6.9171
-6.901
-6.8849
-6.8688
-6.8527
-6.8367
-6.8206
-6.8045
-6.7884
-6.7723
-6.7562
-6.7401
-6.724
-6.7079
-6.6918
-6.6757
-6.6597
-6.6436
-6.6275
-6.6114
-6.5953
-6.5792
-6.5631
-6.547
-6.5309
-6.5148
-6.4987
-6.4827
-6.4666
-6.4505
-6.4344
-6.4183
-6.4022
-6.3861
-6.37
-6.3539
-6.3378
-6.3217
-6.3056
-6.2896
-6.2735
-6.2574
-6.2413
-6.2252
-6.2091
-6.193
-6.1769
-6.1608
-6.1447
-6.1286
-6.1126
-6.0965
-6.0804
-6.0643
-6.0482
-6.0321
-6.016
-5.9999
-5.9838
-5.9677
-5.9516
-5.9356
-5.9195
-5.9034
-5.8873
-5.8712
-5.8551
-5.839
-5.8229
-5.8068
-5.7907
-5.7746
-5.7586
-5.7425
-5.7264
-5.7103
-5.6942
-5.6781
-5.662
-5.6459
-5.6298
-5.6137
-5.5976
-5.5816
-5.5655
-5.5494
-5.5333
-5.5172
-5.5011
-5.485
-5.4689
-5.4528
-5.4367
-5.4206
-5.4046
-5.3885
-5.3724
-5.3563
-5.3402
-5.3241
-5.308
-5.2919
-5.2758
-5.2597
-5.2436
-5.2276
-5.2115
-5.1954
-5.1793
-5.1632
-5.1471
-5.131
-5.1149
-5.0988
-5.0827
-5.0666
-5.0505
-5.0345
-5.0184
-5.0023
-4.9862
-4.9701
-4.954
-4.9379
-4.9218
-4.9057
-4.8896
-4.8735
-4.8575
-4.8414
-4.8253
-4.8092
-4.7931
-4.777
-4.7609
-4.7448
-4.7287
-4.7126
-4.6965
-4.6805
-4.6644
-4.6483
-4.6322
-4.6161
-4.6
-4.5839
-4.5678
-4.5517
-4.5356
-4.5195
-4.5035
-4.4874
-4.4713
-4.4552
-4.4391
-4.423
-4.4069
-4.3908
-4.3747
-4.3586
-4.3425
-4.3265
-4.3104
-4.2943
-4.2782
-4.2621
-4.246
-4.2299
-4.2138
-4.1977
-4.1816
-4.1655
-4.1495
-4.1334
-4.1173
-4.1012
-4.0851
-4.069
-4.0529
-4.0368
-4.0207
-4.0046
-3.9885
-3.9724
-3.9564
-3.9403
-3.9242
-3.9081
-3.892
-3.8759
-3.8598
-3.8437
-3.8276
-3.8115
-3.7954
-3.7794
-3.7633
-3.7472
-3.7311
-3.715
-3.6989
-3.6828
-3.6667
-3.6506
-3.6345
-3.6184
-3.6024
-3.5863
-3.5702
-3.5541
-3.538
-3.5219
-3.5058
-3.4897
-3.4736
-3.4575
-3.4414
-3.4254
-3.4093
-3.3932
-3.3771
-3.361
-3.3449
-3.3288
-3.3127
-3.2966
-3.2805
-3.2644
-3.2484
-3.2323
-3.2162
-3.2001
-3.184
-3.1679
-3.1518
-3.1357
-3.1196
-3.1035
-3.0874
-3.0714
-3.0553
-3.0392
-3.0231
-3.007
-2.9909
-2.9748
-2.9587
-2.9426
-2.9265
-2.9104
-2.8943
-2.8783
-2.8622
-2.8461
-2.83
-2.8139
-2.7978
-2.7817
-2.7656
-2.7495
-2.7334
-2.7173
-2.7013
-2.6852
-2.6691
-2.653
-2.6369
-2.6208
-2.6047
-2.5886
-2.5725
-2.5564
-2.5403
-2.5243
-2.5082
-2.4921
-2.476
-2.4599
-2.4438
-2.4277
-2.4116
-2.3955
-2.3794
-2.3633
-2.3473
-2.3312
-2.3151
-2.299
-2.2829
-2.2668
-2.2507
-2.2346
-2.2185
-2.2024
-2.1863
-2.1703
-2.1542
-2.1381
-2.122
-2.1059
-2.0898
-2.0737
-2.0576
-2.0415
-2.0254
-2.0093
-1.9933
-1.9772
-1.9611
-1.945
-1.9289
-1.9128
-1.8967
-1.8806
-1.8645
-1.8484
-1.8323
-1.8163
-1.8002
-1.7841
-1.768
-1.7519
-1.7358
-1.7197
-1.7036
-1.6875
-1.6714
-1.6553
-1.6392
-1.6232
-1.6071
-1.591
-1.5749
-1.5588
-1.5427
-1.5266
-1.5105
-1.4944
-1.4783
-1.4622
-1.4462
-1.4301
-1.414
-1.3979
-1.3818
-1.3657
-1.3496
-1.3335
-1.3174
-1.3013
-1.2852
-1.2692
-1.2531
-1.237
-1.2209
-1.2048
-1.1887
-1.1726
-1.1565
-1.1404
-1.1243
-1.1082
-1.0922
-1.0761
-1.06
-1.0439
-1.0278
-1.0117
-0.9956
-0.97951
-0.96342
-0.94733
-0.93124
-0.91515
-0.89906
-0.88297
-0.86687
-0.85078
-0.83469
-0.8186
-0.80251
-0.78642
-0.77033
-0.75424
-0.73815
-0.72205
-0.70596
-0.68987
-0.67378
-0.65769
-0.6416
-0.62551
-0.60942
-0.59333
-0.57724
-0.56114
-0.54505
-0.52896
-0.51287
-0.49678
-0.48069
-0.4646
-0.44851
-0.43242
-0.41633
-0.40023
-0.38414
-0.36805
-0.35196
-0.33587
-0.31978
-0.30369
-0.2876
-0.27151
-0.25541
-0.23932
-0.22323
-0.20714
-0.19105
-0.17496
-0.15887
-0.14278
-0.12669
-0.1106
-0.094504
-0.078413
-0.062322
-0.046231
-0.03014
-0.014049
0.0020422
0.018133
0.034224
0.050315
0.066406
0.082497
0.098588
0.11468
0.13077
0.14686
0.16295
0.17904
0.19513
0.21123
0.22732
0.24341
0.2595
0.27559
0.29168
0.30777
0.32386
0.33995
0.35604
0.37214
0.38823
0.40432
0.42041
0.4365
0.45259
0.46868
0.48477
0.50086
0.51696
0.53305
0.54914
0.56523
0.58132
0.59741
0.6135
0.62959
0.64568
0.66177
0.67787
0.69396
0.71005
0.72614
0.74223
0.75832
0.77441
0.7905
0.80659
0.82268
0.83878
0.85487
0.87096
0.88705
0.90314
0.91923
0.93532
0.95141
0.9675
0.9836
0.99969
1.0158
1.0319
1.048
1.064
1.0801
1.0962
1.1123
1.1284
1.1445
1.1606
1.1767
1.1928
1.2089
1.225
1.241
1.2571
1.2732
1.2893
1.3054
1.3215
1.3376
1.3537
1.3698
1.3859
1.402
1.418
1.4341
1.4502
1.4663
1.4824
1.4985
1.5146
1.5307
1.5468
1.5629
1.579
1.5951
1.6111
1.6272
1.6433
1.6594
1.6755
1.6916
1.7077
1.7238
1.7399
1.756
1.7721
1.7881
1.8042
1.8203
1.8364
1.8525
1.8686
1.8847
1.9008
1.9169
1.933
1.9491
1.9651
1.9812
1.9973
2.0134
2.0295
2.0456
2.0617
2.0778
2.0939
2.11
2.1261
2.1421
2.1582
2.1743
2.1904
2.2065
2.2226
2.2387
2.2548
2.2709
2.287
2.3031
2.3191
2.3352
2.3513
2.3674
2.3835
2.3996
2.4157
2.4318
2.4479
2.464
2.4801
2.4961
2.5122
2.5283
2.5444
2.5605
2.5766
2.5927
2.6088
2.6249
2.641
2.6571
2.6731
2.6892
2.7053
2.7214
2.7375
2.7536
2.7697
2.7858
2.8019
2.818
2.8341
2.8502
2.8662
2.8823
2.8984
2.9145
2.9306
2.9467
2.9628
2.9789
2.995
3.0111
3.0272
3.0432
3.0593
3.0754
3.0915
3.1076
3.1237
3.1398
3.1559
3.172
3.1881
3.2042
3.2202
3.2363
3.2524
3.2685
3.2846
3.3007
3.3168
3.3329
3.349
3.3651
3.3812
3.3972
3.4133
3.4294
3.4455
3.4616
3.4777
3.4938
3.5099
3.526
3.5421
3.5582
3.5742
3.5903
3.6064
3.6225
3.6386
3.6547
3.6708
3.6869
3.703
3.7191
3.7352
3.7512
3.7673
3.7834
3.7995
3.8156
3.8317
3.8478
3.8639
3.88
3.8961
3.9122
3.9283
3.9443
3.9604
3.9765
3.9926
4.0087
4.0248
4.0409
4.057
4.0731
4.0892
4.1053
4.1213
4.1374
4.1535
4.1696
4.1857
4.2018
4.2179
4.234
4.2501
4.2662
4.2823
4.2983
4.3144
4.3305
4.3466
4.3627
4.3788
4.3949
4.411
4.4271
4.4432
4.4593
4.4753
4.4914
4.5075
4.5236
4.5397
4.5558
4.5719
4.588
4.6041
4.6202
4.6363
4.6523
4.6684
4.6845
4.7006
4.7167
4.7328
4.7489
4.765
4.7811
4.7972
4.8133
4.8293
4.8454
4.8615
4.8776
4.8937
4.9098
4.9259
4.942
4.9581
4.9742
4.9903
5.0064
5.0224
5.0385
5.0546
5.0707
5.0868
5.1029
5.119
5.1351
5.1512
5.1673
5.1834
5.1994
5.2155
5.2316
5.2477
5.2638
5.2799
5.296
5.3121
5.3282
5.3443
5.3604
5.3764
5.3925
5.4086
5.4247
5.4408
5.4569
5.473
5.4891
5.5052
5.5213
5.5374
5.5534
5.5695
5.5856
5.6017
5.6178
5.6339
5.65
5.6661
5.6822
5.6983
5.7144
5.7304
5.7465
5.7626
5.7787
5.7948
5.8109
5.827
5.8431
5.8592
5.8753
5.8914
5.9074
5.9235
5.9396
5.9557
5.9718
5.9879
6.004
6.0201
6.0362
6.0523
6.0684
6.0845
6.1005
6.1166
6.1327
6.1488
6.1649
6.181
6.1971
6.2132
6.2293
6.2454
6.2615
6.2775
6.2936
6.3097
6.3258
6.3419
6.358
6.3741
6.3902
6.4063
6.4224
6.4385
6.4545
6.4706
6.4867
6.5028
6.5189
6.535
6.5511
6.5672
6.5833
6.5994
6.6155
6.6315
6.6476
6.6637
6.6798
6.6959
6.712
6.7281
6.7442
6.7603
6.7764
6.7925
6.8085
6.8246
6.8407
6.8568
6.8729
6.889
6.9051
6.9212
6.9373
6.9534
6.9695
6.9855
7.0016
7.0177
7.0338
7.0499
7.066
7.0821
7.0982
7.1143
7.1304
7.1465
7.1625
7.1786
7.1947
7.2108
7.2269
7.243
7.2591
7.2752
7.2913
7.3074
7.3235
7.3396
7.3556
7.3717
7.3878
7.4039
7.42
7.4361
7.4522
7.4683
7.4844
7.5005
7.5166
7.5326
7.5487
7.5648
7.5809
7.597
7.6131
7.6292
7.6453
7.6614
7.6775
7.6936
7.7096
7.7257
7.7418
7.7579
7.774
7.7901
7.8062
7.8223
7.8384
7.8545
7.8706
7.8866
7.9027
7.9188
7.9349
7.951
7.9671
7.9832
7.9993
8.0154
8.0315
0
