0.28972
0.29454
0.30175
0.30667
0.30656
0.30975
0.30667
0.30779
0.29778
0.29676
0.29451
0.28141
0.27427
0.26195
0.25026
0.23634
0.22202
0.21091
0.19243
0.17838
0.16287
0.1458
0.13118
0.11495
0.10169
0.085561
0.073831
0.062436
0.050504
0.041834
0.033335
0.027012
0.021883
0.018461
0.017276
0.016883
0.019155
0.022833
0.027919
0.035001
0.042896
0.052983
0.064018
0.075672
0.089376
0.10219
0.11849
0.13351
0.14887
0.16614
0.1794
0.19689
0.21033
0.22591
0.23787
0.25082
0.26766
0.27541
0.28758
0.2964
0.30199
0.3096
0.31212
0.31997
0.32048
0.32136
0.32486
0.31897
0.32025
0.31553
0.31339
0.30721
0.30276
0.304
0.29418
0.29198
0.28831
0.28301
0.28183
0.27699
0.27954
0.27321
0.27708
0.28243
0.28226
0.28966
0.29359
0.30218
0.31064
0.31719
0.33328
0.33808
0.35646
0.3706
0.38297
0.40112
0.41047
0.4312
0.44165
0.45573
0.46958
0.4771
0.49807
0.50398
0.51521
0.52535
0.52398
0.53332
0.52927
0.53407
0.52229
0.52221
0.52548
0.50794
0.50432
0.49078
0.47688
0.46284
0.4451
0.43644
0.41396
0.40053
0.38724
0.36698
0.35634
0.34047
0.33213
0.31814
0.31265
0.31416
0.30721
0.31281
0.31784
0.32646
0.34088
0.3543
0.38146
0.39681
0.43082
0.46729
0.49884
0.54321
0.58054
0.63064
0.67648
0.72132
0.78138
0.8185
0.88674
0.93814
0.98979
1.0502
1.0847
1.1506
1.184
1.2325
1.2667
1.2962
1.3562
1.3685
1.4065
1.4298
1.433
1.458
1.4523
1.4764
1.4698
1.4687
1.4853
1.4517
1.4646
1.4498
1.445
1.4334
1.425
1.4494
1.4246
1.4443
1.4624
1.4653
1.5014
1.5191
1.5754
1.5929
1.6606
1.7531
1.8005
1.9042
1.9904
2.0974
2.2124
2.3144
2.491
2.5609
2.7527
2.918
3.056
3.2486
3.3774
3.5889
3.7267
3.8913
4.0851
4.1806
4.4339
4.5624
4.728
4.9024
4.9665
5.1725
5.2245
5.3796
5.4878
5.5516
5.7005
5.6768
5.814
5.8544
5.8697
5.937
5.9219
6.0466
6.013
6.0678
6.1681
6.1039
6.227
6.2394
6.341
6.3613
6.4681
6.7132
6.7201
6.9602
7.1602
7.3391
7.6309
7.846
8.2771
8.408
8.9187
9.4447
9.7745
10.369
10.818
11.441
11.991
12.531
13.401
13.71
14.72
15.453
16.151
17.05
17.607
18.697
19.232
20.111
21.097
21.71
22.749
23.309
24.267
25.12
25.571
26.643
27.023
28.073
28.688
29.326
30.351
30.413
31.538
32.007
32.598
33.2
33.631
34.847
34.971
35.883
36.809
37.031
38.144
38.605
39.773
39.969
41.177
42.933
43.141
44.79
45.905
47.14
48.608
49.74
52.212
52.184
55.157
57.455
58.879
61.593
63.236
66.194
67.996
70.402
74.183
75.896
79.41
81.986
85.006
88.541
90.43
95.239
96.829
100.93
104.69
107.31
111.9
113.74
118.45
121.67
124.11
128.55
130.38
135.79
138.17
141.83
146.78
147.38
152.94
155.18
159.03
161.32
164.48
170.97
171.27
176.7
180.76
182.76
187.79
190.03
196.27
195.41
202.4
209.61
210.42
217.42
221
226.48
230.81
234.94
245.06
246.3
254.06
260.9
265.45
274.15
277.95
288.68
291.26
299.94
311.06
314.97
326.16
331.72
341.37
350.4
354.19
368.73
370.64
383.94
392.58
399.63
412.58
414.45
429.17
434.83
441.8
451.28
454.88
470.75
473.09
483.19
494.56
493.56
506.57
508.65
518.57
517.35
525.5
540.85
535.08
547.02
551.28
553.15
559.08
559.1
571.31
567.01
572.54
581.32
576.17
585.06
583.4
589.7
586.74
588.48
601.54
593.14
600.82
602.35
602.65
608.08
603.64
615.99
605.2
613.76
620.97
617.33
626.55
622.78
630.82
632.6
630.06
641.18
633.28
647.17
648.23
651.49
661.47
653.52
668.45
666.41
671.59
673.5
673.79
690.96
685.07
695.62
702.64
698.54
709.46
707.11
718.85
718.22
721.82
736.7
725.5
738.55
739.32
742.52
744.6
744.4
760.47
750.33
758.86
765.92
760.57
769.63
765.25
775.27
765.06
770.47
784.18
773.44
782.69
780.58
782.42
784.84
777.93
793.17
773.87
786.46
789.96
784.7
792.86
783.21
792.91
787.29
784.55
790.06
777.47
792.68
786.52
788.63
794.19
780.53
792.57
783.37
788.01
788.14
784.11
793.81
779.23
788.79
788.1
781.96
785.88
778.86
789.32
780.29
782.11
791.05
776.76
785.76
780.41
782.94
776.52
775.5
789.7
773.66
780.86
781.65
776.01
780.19
772.54
782.48
763.82
772.29
780.2
768.76
775.88
769.1
771.71
768.63
760.76
772.01
751.15
763.84
761.74
756.83
761.23
748.21
757.72
746
744.22
747.34
737.5
742.33
730.82
732.25
732.2
718.02
723.29
710.83
713.94
707.45
701.82
706.39
687.75
693.61
686.62
680.11
675.98
667.24
673.54
659.37
658.82
659.65
646.2
648.49
639.24
640.02
626.73
625.8
633.46
617.49
620.53
615.98
611.15
609.51
601.52
608.66
587.73
596.47
598.24
589.42
592.85
584.88
587.8
581.07
576.72
581.47
565.32
576.14
571.55
569.04
570.19
559.24
566.23
554.85
555.41
554.55
547.23
549.86
538.34
539.96
535.5
525.9
525.6
514.52
516.12
506.65
501.33
501.1
484.86
484.96
474.91
468.41
458.53
449.8
449.9
433.71
429.86
423.16
410.58
405.12
393.24
388.99
371.89
367.69
364.43
349.65
344.97
334.94
327.12
318.29
308.35
306.37
288.24
287.76
281.42
272.29
267.76
258.26
255.08
245.46
240.21
237.41
229.09
226.16
219.52
215.52
211.67
204.32
203.51
196.15
194.44
190.76
186.32
184.88
178.44
177.66
173.59
169.63
167.12
162.45
162.04
157.16
154.86
153.23
147.56
146.31
142.04
139.7
134.86
132.11
131.31
125.41
123.66
120.37
116.38
113.54
109.39
107.61
101.09
99.899
97.676
93.065
90.835
87.057
84.439
80.835
77.648
76.17
72.096
70.002
67.371
64.61
62.606
59.592
58.351
55.192
53.648
52.213
49.93
48.804
46.751
45.642
44.263
42.538
41.895
40.113
39.671
38.552
37.602
37.131
35.634
35.452
34.448
33.752
33.003
32.15
32.081
30.958
30.592
30.109
29.081
28.719
27.818
27.412
26.206
25.788
25.553
24.307
23.888
23.087
22.311
21.561
20.696
20.286
19.194
18.582
17.961
17.039
16.478
15.639
15.098
14.246
13.631
13.231
12.442
12.002
11.428
10.931
10.502
9.9502
9.7277
9.1463
8.9277
8.6613
8.3237
8.166
7.8436
7.7441
7.5385
7.3532
7.2871
7.074
7.1106
6.9759
6.9296
6.9305
6.7523
6.8112
6.6991
6.6828
6.5746
6.5191
6.5832
6.3971
6.4066
6.3334
6.1893
6.1297
5.9733
5.9281
5.7321
5.6119
5.5355
5.2808
5.1791
4.9819
4.8168
4.6125
4.4167
4.3098
4.04
3.8871
3.7114
3.5007
3.345
3.1394
3.009
2.792
2.6601
2.5463
2.3766
2.2744
2.1434
2.0462
1.9511
1.8471
1.8064
1.7038
1.6814
1.6398
1.6007
1.5925
1.5529
1.5701
1.5525
1.5568
1.569
1.5645
1.6125
1.6112
1.6437
1.6744
1.6681
1.7091
1.7084
1.737
1.7394
1.7469
1.7741
1.7356
1.756
1.7414
1.7181
1.7009
1.6648
1.6579
1.5975
1.5681
1.5378
1.4677
1.4317
1.3686
1.3205
1.25
1.1925
1.1543
1.0734
1.0248
0.96675
0.90724
0.85757
0.7987
0.76294
0.70039
0.66904
0.63788
0.59854
0.57652
0.54733
0.53261
0.51524
0.50172
0.50261
0.48962
0.50207
0.50516
0.51416
0.5298
0.53494
0.56113
0.57143
0.59309
0.61399
0.63051
0.6585
0.66731
0.6941
0.71217
0.71932
0.73921
0.74324
0.75993
0.7583
0.76406
0.77405
0.75499
0.75909
0.74661
0.73376
0.71697
0.69718
0.688
0.6532
0.63478
0.61179
0.57768
0.55361
0.52019
0.49474
0.45751
0.43019
0.40725
0.37217
0.34835
0.32134
0.29693
0.27483
0.25196
0.23822
0.2155
0.20585
0.1955
0.18508
0.18036
0.17395
0.17423
0.17226
0.17443
0.18033
0.18341
0.19254
0.19857
0.20853
0.21896
0.22536
0.23937
0.24596
0.25758
0.26592
0.2739
0.2848
0.28611
0.29571
0.29882
0.29925
0.30171
0.29903
0.30078
0.29369
0.29071
0.28768
0.27492
0.26942
0.25837
0.24855
0.23578
0.22412
0.21586
0.19968
0.18944
0.17802
0.16522
0.15525
0.14392
0.13637
0.12497
0.1194
0.11486
0.10849
0.10629
0.10345
0.10326
0.10323
0.10452
0.10958
0.11146
0.11808
0.12382
0.13037
0.13878
0.14482
0.15563
0.16132
0.17035
0.17909
0.18517
0.19457
0.19871
0.20634
0.21168
0.21259
0.21757
0.21644
0.21847
0.21599
0.21395
0.2126
0.20398
0.20058
0.19264
0.18342
0.17436
0.16362
0.15495
0.14182
0.13104
0.12014
0.10646
0
