1.0837
1.1317
1.176
1.2131
1.2463
1.2731
1.2945
1.3099
1.3181
1.3222
1.3183
1.3055
1.2865
1.2618
1.232
1.1965
1.1566
1.1126
1.0657
1.0131
0.95974
0.90551
0.85104
0.79769
0.74583
0.69632
0.65004
0.60797
0.57117
0.53965
0.51463
0.49643
0.48541
0.4823
0.48718
0.50063
0.52213
0.55177
0.58905
0.63356
0.6853
0.74361
0.80756
0.87709
0.95015
1.0266
1.1054
1.1863
1.2666
1.3464
1.4236
1.4969
1.5662
1.6315
1.6904
1.7429
1.7881
1.8271
1.8534
1.8709
1.8797
1.879
1.8701
1.8529
1.8269
1.793
1.7499
1.7011
1.6457
1.5866
1.5244
1.4596
1.3952
1.3308
1.2681
1.2088
1.1547
1.1069
1.0664
1.0346
1.0126
1.0011
1.0031
1.0172
1.0444
1.085
1.1394
1.207
1.2881
1.3824
1.4897
1.608
1.738
1.8766
2.0233
2.1765
2.3363
2.4976
2.6594
2.8206
2.9786
3.1332
3.283
3.4239
3.5554
3.6741
3.7792
3.8672
3.9411
3.9986
4.0372
4.0626
4.0694
4.0565
4.0229
3.9727
3.9085
3.8285
3.7358
3.6314
3.5194
3.3954
3.2665
3.1351
3.0032
2.8743
2.7505
2.6339
2.5275
2.434
2.3573
2.2975
2.2578
2.2397
2.2447
2.2748
2.3301
2.4132
2.5243
2.6623
2.8268
3.0159
3.2303
3.4679
3.7263
4.0064
4.3011
4.6101
4.9298
5.2593
5.5911
5.924
6.2558
6.5787
6.8894
7.1912
7.474
7.7384
7.9803
8.2022
8.3919
8.5502
8.6775
8.773
8.839
8.8761
8.8808
8.8563
8.8027
8.7225
8.6141
8.4876
8.3444
8.1866
8.0228
7.8536
7.6834
7.5175
7.3617
7.222
7.1008
7.0043
6.9365
6.901
6.9047
6.9519
7.0434
7.1816
7.3692
7.6067
7.8951
8.2353
8.6273
9.0708
9.5658
10.104
10.684
11.303
11.959
12.641
13.348
14.073
14.807
15.547
16.293
17.028
17.749
18.449
19.129
19.763
20.362
20.92
21.437
21.899
22.306
22.662
22.958
23.192
23.378
23.505
23.583
23.615
23.61
23.56
23.479
23.375
23.255
23.13
23.009
22.897
22.806
22.745
22.73
22.764
22.859
23.024
23.266
23.594
24.013
24.531
25.16
25.9
26.752
27.713
28.789
29.978
31.274
32.683
34.193
35.801
37.495
39.272
41.115
43.012
44.961
46.946
48.943
50.964
52.969
54.958
56.916
58.843
60.701
62.497
64.206
65.824
67.349
68.788
70.112
71.33
72.436
73.448
74.321
75.101
75.786
76.378
76.904
77.366
77.771
78.14
78.485
78.836
79.199
79.601
80.061
80.594
81.232
81.986
82.89
83.953
85.194
86.627
88.267
90.13
92.228
94.571
97.187
100.05
103.18
106.56
110.2
114.08
118.2
122.55
127.13
131.91
136.84
141.94
147.17
152.5
157.94
163.4
168.89
174.37
179.83
185.22
190.51
195.69
200.73
205.58
210.26
214.71
218.94
222.93
226.68
230.16
233.38
236.33
239.01
241.44
243.65
245.62
247.39
248.98
250.41
251.7
252.89
254.01
255.11
256.2
257.34
258.56
259.9
261.4
263.09
265.03
267.23
269.73
272.55
275.71
279.25
283.21
287.59
292.38
297.59
303.23
309.29
315.76
322.64
329.89
337.51
345.44
353.67
362.14
370.82
379.66
388.62
397.63
406.65
415.62
424.49
433.19
441.68
449.9
457.78
465.24
472.28
478.82
484.85
490.32
495.19
499.44
503.01
505.86
508.01
509.48
510.24
510.3
509.68
508.39
506.42
503.78
500.55
496.75
492.46
487.68
482.48
476.84
470.96
464.75
458.34
451.77
445.09
438.37
431.66
425.02
418.49
412.06
405.96
400.05
394.42
389.14
384.13
379.54
375.33
371.53
368.12
365.11
362.55
360.36
358.56
357.14
356.03
355.29
354.84
354.66
354.7
354.96
355.39
355.95
356.62
357.35
358.1
358.86
359.58
360.25
360.84
361.31
361.65
361.84
361.88
361.76
361.49
361.05
360.45
359.69
358.83
357.75
356.62
355.4
354.09
352.8
351.49
350.2
348.94
347.76
346.74
345.79
345.04
344.49
344.09
344.1
344.26
344.7
345.43
346.5
347.86
349.49
351.46
353.7
356.15
359.05
362.09
365.36
368.82
372.52
376.28
380.17
384.11
388.04
391.97
395.93
399.75
403.43
406.93
410.27
413.3
416.06
418.53
420.67
422.45
423.85
424.88
425.48
425.65
425.43
424.8
423.77
422.35
420.52
418.42
415.94
413.13
410.06
406.75
403.22
399.56
395.75
391.87
387.82
383.93
380
376.13
372.4
368.74
365.3
362.06
359.04
356.25
353.68
351.53
349.6
347.98
346.72
345.63
344.93
344.49
344.35
344.42
344.75
345.35
346.11
347.04
348.14
349.23
350.47
351.75
353.07
354.33
355.61
356.81
357.9
358.88
359.75
360.43
361
361.4
361.64
361.69
361.6
361.34
360.95
360.44
359.81
359.11
358.35
357.56
356.77
356.03
355.34
354.77
354.34
354.05
354.03
354.22
354.71
355.49
356.62
358.1
359.94
362.17
364.8
367.79
371.34
375.21
379.5
384.15
389.2
394.57
400.26
406.24
412.45
418.84
425.48
432.17
438.92
445.66
452.4
458.97
465.39
471.57
477.49
483.07
488.24
492.98
497.26
500.95
504.08
506.58
508.45
509.66
510.18
510.02
509.15
507.52
505.18
502.14
498.42
494.05
489.05
483.45
477.29
470.57
463.37
455.74
447.74
439.42
430.84
422.05
413.11
404.05
394.97
385.91
376.93
368.07
359.38
350.93
342.74
334.86
327.32
320.15
313.38
307
301.05
295.53
290.43
285.83
281.63
277.85
274.46
271.47
268.82
266.49
264.47
262.73
261.21
259.9
258.72
257.66
256.67
255.72
254.77
253.77
252.7
251.51
250.18
248.69
247
245.09
242.95
240.52
237.86
234.92
231.71
228.25
224.49
220.49
216.23
211.72
206.99
202.07
196.99
191.76
186.4
180.99
175.43
169.87
164.3
158.76
153.27
147.86
142.56
137.39
132.37
127.54
122.91
118.49
114.3
110.35
106.65
103.2
100.02
97.108
94.451
92.046
89.884
87.957
86.25
84.753
83.461
82.351
81.395
80.578
79.875
79.275
78.754
78.289
77.865
77.458
77.045
76.619
76.156
75.645
75.062
74.424
73.685
72.852
71.925
70.892
69.753
68.515
67.175
65.739
64.178
62.555
60.843
59.062
57.228
55.332
53.406
51.456
49.488
47.522
45.567
43.649
41.766
39.934
38.17
36.462
34.849
33.325
31.897
30.57
29.35
28.239
27.238
26.35
25.582
24.916
24.357
23.898
23.532
23.253
23.057
22.934
22.878
22.877
22.92
22.995
23.097
23.216
23.342
23.46
23.571
23.66
23.721
23.752
23.738
23.679
23.574
23.413
23.195
22.914
22.585
22.198
21.758
21.257
20.723
20.134
19.501
18.834
18.136
17.414
16.679
15.931
15.179
14.422
13.683
12.955
12.249
11.571
10.923
10.312
9.7428
9.2198
8.7452
8.3201
7.9482
7.6278
7.3599
7.1446
6.979
6.8676
6.8034
6.783
6.8026
6.8594
6.9492
7.0668
7.2083
7.37
7.5431
7.7255
7.911
8.0954
8.2712
8.4406
8.5947
8.7258
8.8355
8.9201
8.9752
9.0033
9.0005
8.9672
8.8959
8.7936
8.6568
8.4895
8.2955
8.0711
7.8222
7.5522
7.2616
6.951
6.6251
6.2942
5.9563
5.6164
5.2803
4.9442
4.6185
4.3039
4.0046
3.7228
3.4609
3.222
3.0069
2.8172
2.6559
2.5214
2.416
2.3384
2.2881
2.2643
2.2661
2.2921
2.3415
2.4124
2.5013
2.6053
2.7227
2.8508
2.9871
3.1274
3.271
3.4127
3.551
3.6822
3.8064
3.922
4.0241
4.1125
4.1835
4.233
4.2674
4.2826
4.2793
4.2543
4.2149
4.1564
4.0756
3.9772
3.8635
3.7344
3.5946
3.4436
3.284
3.1144
2.9415
2.7633
2.5844
2.4072
2.2321
2.062
1.8988
1.7435
1.5977
1.4624
1.3405
1.2312
1.1358
1.0549
0.98789
0.93587
0.89971
0.87782
0.86955
0.87428
0.89134
0.91946
0.95769
1.0051
1.0598
1.1208
1.1861
1.2546
1.3243
1.3948
1.4643
1.531
1.5926
1.6492
1.6988
1.7423
1.7779
1.8057
1.8232
1.8329
1.8301
1.818
1.7973
1.7672
1.7282
1.682
1.6284
1.568
1.4989
1.4269
1.3509
1.2726
1.1935
1.1126
1.0329
0.95475
0.87906
0.80733
0.74009
0.67874
0.62348
0.57502
0.5342
0.50057
0.47576
0.45912
0.4507
0.45027
0.45774
0.47282
0.49505
0.52421
0.55906
0.59989
0.64481
0.69342
0.74505
0.79828
0.85322
0.90753
0.96065
1.0118
1.0604
1.1069
1.149
1.1867
1.22
1.2444
1.2633
1.2757
1.2818
1.2806
1.274
1.2612
1.2419
1.2142
1.1809
1.1417
1.0988
1.0518
1.0017
0.94797
0.89363
0.83585
0.77763
0
