0.025619
0.026534
0.02765
0.026498
0.025615
0.024993
0.02461
0.024466
0.02454
0.025101
0.025538
0.024075
0.022919
0.022074
0.02156
0.021363
0.021493
0.022237
0.022718
0.02174
0.021024
0.020581
0.020389
0.020434
0.020722
0.02152
0.021745
0.020636
0.019784
0.019235
0.018972
0.019029
0.019449
0.020376
0.020697
0.020092
0.019796
0.019793
0.020058
0.020562
0.021303
0.022238
0.022247
0.021423
0.020804
0.020418
0.020287
0.020452
0.020868
0.021509
0.021309
0.020647
0.020315
0.020279
0.02054
0.021076
0.021831
0.022789
0.022593
0.022016
0.021731
0.021787
0.022218
0.023069
0.024382
0.026184
0.02665
0.027006
0.027944
0.029483
0.031709
0.034768
0.038541
0.043293
0.045748
0.048472
0.052159
0.056885
0.06292
0.070292
0.079018
0.089498
0.094084
0.099395
0.10587
0.1138
0.12332
0.13489
0.14885
0.16533
0.17047
0.17751
0.18657
0.1984
0.21322
0.23159
0.25411
0.27911
0.28624
0.29643
0.31033
0.32782
0.34978
0.37664
0.40968
0.44113
0.44622
0.45519
0.46733
0.48346
0.50446
0.52942
0.56151
0.58529
0.57911
0.57818
0.58268
0.59433
0.61293
0.63952
0.67384
0.69649
0.6896
0.69061
0.70046
0.71888
0.74725
0.78585
0.83392
0.86017
0.85599
0.86202
0.87539
0.89718
0.92815
0.96634
1.013
1.0244
1.008
1.0007
1.0029
1.0169
1.0413
1.0764
1.1218
1.1214
1.1013
1.0908
1.0899
1.0968
1.1114
1.1311
1.1534
1.1167
1.0607
1.0092
0.96494
0.92861
0.90262
0.88732
0.88628
0.84595
0.81084
0.79296
0.78864
0.7943
0.80596
0.81778
0.82543
0.77594
0.7168
0.65455
0.59121
0.52999
0.47273
0.4216
0.37807
0.32311
0.27974
0.24534
0.21763
0.19557
0.17907
0.16862
0.16625
0.17406
0.19516
0.23231
0.29112
0.37878
0.50243
0.66413
0.85595
1.0279
1.1914
1.325
1.4265
1.509
1.6029
1.7316
1.8957
2.0245
2.1536
2.2363
2.2416
2.1685
2.0533
1.9389
1.8397
1.7256
1.6301
1.5125
1.3559
1.1694
0.98715
0.83665
0.72755
0.65905
0.6345
0.65186
0.71629
0.82677
0.97622
1.1632
1.3801
1.6305
1.9325
2.2572
2.5589
2.805
2.9975
3.1617
3.2451
3.2499
3.1578
2.9472
2.6554
2.3659
2.1808
2.1768
2.4105
2.9074
3.6598
4.6355
5.7354
6.8555
7.9495
9.0191
10.164
11.607
13.492
15.821
18.474
21.273
24.054
26.77
29.607
32.863
37.067
42.697
50.134
59.463
70.414
82.326
94.048
104.97
114.99
124.74
135.51
148.56
164.56
183.14
202.21
219.02
231.15
237.63
239.49
239.29
239.8
242.39
245.98
247.61
244.11
233.94
217.81
198.56
180.14
166.65
161.69
165.89
178.54
197.18
217.69
235.03
244.78
244.58
235.89
224.12
214.16
209.03
209.02
212.49
217.36
222.25
226.47
230.08
233.4
237.02
241.57
247.04
252.23
254.73
252.66
246.14
237.03
228.42
223.46
224.38
231.88
244.65
259.11
270.92
276.81
275.55
268.47
258.8
250.32
246.28
247.56
253.14
260.95
268.31
272.78
273.17
270.15
266.06
263.68
264.27
267.64
272.68
277.79
281.61
283.21
282.42
280.49
278.83
278.26
278.62
279.11
279.16
278.75
278.23
278.43
280.14
284.23
291.21
300.4
309.46
315.56
316.21
312.32
306.26
300.7
297.59
297.83
301.27
306.48
310.94
312.25
309.53
304
298.5
296.15
299.15
307.81
320.18
332.37
340.78
343.14
339.39
331.96
324.45
320.41
321.96
327.83
335.27
340.7
341.23
336.09
327.23
318.57
314.98
318.88
330.05
345.37
359.78
367.97
366.95
356.64
342.01
329.59
324.27
328.31
340.67
357.15
371.6
377.72
372.72
359.68
344.51
333.89
332.62
342.14
359.95
379.95
393.72
395.59
384.54
364.81
344.17
330.21
327.58
337.2
354.19
371.55
382.48
382.68
372.33
356.18
341.6
336.45
343.9
362.03
384.86
404.13
412.39
406.3
388.67
367.32
352.19
349.3
360.05
380.97
404.68
422.15
426.14
413.39
390.75
367.26
351.55
348.88
359.69
379.53
400.27
411.42
408.44
392.77
371.09
352.56
344.61
350.54
368.9
392.65
411.24
416.93
407.46
387.35
365.68
351.93
352.58
369.36
395.46
420.52
433.18
426.1
400.46
365.82
336.14
324.43
335.27
367.45
413.4
459
487.05
484.6
450.48
399.26
352.53
325.83
326.75
355.72
407.03
467.88
517.59
535.8
517.21
470.84
415.61
370.48
347.23
349.08
372.91
407.75
439.62
456.26
451.63
428.93
398.48
372.33
360.35
364.88
381.88
403.8
421.39
427.04
418.52
400.13
380.4
368.05
367.26
377.94
396.27
415.41
427.36
426.32
411.37
389.46
369
356.41
354.41
362.22
376.45
391.88
402.02
403.44
396.57
385.49
375.69
371.49
374.21
382.21
391.36
396.81
395.71
387.86
375.98
364.52
358.01
359.18
368.45
382.18
395.84
405
406.98
401.79
392.45
383.35
378.23
377.83
380.65
383.91
384.48
379.99
369.73
355.55
341.83
333.42
333.41
342.29
357.65
375.06
389.36
396.08
393.32
383.44
370.3
358.23
350.55
348.5
351.15
355.57
358.06
356.31
349.93
340.72
331.71
326.04
325.84
331.76
341.8
352.61
360.78
363.57
360.05
351.65
341.18
332.04
326.36
324.23
324.83
326.8
328.49
328.41
325.77
321.14
317.18
316.53
320.37
327.74
336.13
342.67
345.3
342.79
335.96
326.46
316.62
309.09
305.96
307.83
313.42
319.62
322.98
321.37
314.26
302.95
290.14
279.15
272.95
273.83
280.8
291.68
303.28
312.09
315.53
312.45
303.67
291.79
280.76
273.32
270.86
273.16
278.67
284.96
289.38
289.49
285.23
277.92
269.93
263.78
261.2
262.52
266.65
271.42
274.67
274.94
271.72
265.48
257.55
249.82
244.49
243.22
245.96
251.64
258.49
264.59
268.42
269.12
266.1
259.54
250.78
241.39
233.08
227.41
225.05
225.82
229.14
234.1
239.44
243.93
246.2
245.09
240.27
232.54
223.72
216.33
212.21
212.08
215.65
221.62
227.98
232.58
233.47
230.33
224.18
216.53
208.85
202.08
196.6
192.44
189.54
187.7
186.88
187.27
189.42
194.26
202.76
215.15
230.33
245.15
256.03
260.06
256.31
246.06
232.25
218.46
206.8
197.43
188.65
178.16
164.33
146.96
127.23
107.37
89.921
76.479
67.105
60.954
56.543
52.451
47.609
41.651
34.767
27.896
21.843
17.143
14.02
12.365
11.805
11.914
12.094
12.075
11.718
10.957
9.7877
8.2598
6.5282
4.8122
3.3392
2.2975
1.6627
1.3636
1.3149
1.4419
1.6699
1.9078
2.056
2.1148
2.1058
2.0635
2.0095
1.9376
1.8272
1.6388
1.3847
1.1305
0.8954
0.68953
0.51735
0.38194
0.28779
0.24248
0.24578
0.29207
0.38023
0.5119
0.68457
0.89004
1.1096
1.2908
1.4242
1.5439
1.6665
1.8037
1.956
2.1125
2.2568
2.2885
2.2493
2.195
2.1403
2.0945
2.058
2.0247
1.9858
1.8539
1.6947
1.5418
1.4038
1.2871
1.195
1.1268
1.079
0.99577
0.91687
0.84623
0.78158
0.72113
0.66431
0.61395
0.57015
0.5067
0.45204
0.40698
0.37134
0.34439
0.32569
0.31529
0.31215
0.29645
0.28711
0.28338
0.28466
0.29001
0.29875
0.31122
0.32394
0.31809
0.31296
0.30867
0.3055
0.3038
0.30403
0.30765
0.30991
0.29677
0.28708
0.28119
0.27906
0.28079
0.28638
0.2969
0.30489
0.29929
0.29665
0.29647
0.2985
0.30277
0.30868
0.31679
0.31741
0.30436
0.29275
0.28243
0.27346
0.26581
0.25964
0.25488
0.24345
0.22473
0.20867
0.19512
0.18404
0.17523
0.16845
0.16332
0.15397
0.14168
0.13153
0.12318
0.11652
0.11126
0.10701
0.10353
0.096657
0.088571
0.081953
0.076571
0.072347
0.0691
0.066776
0.065024
0.060885
0.056453
0.052885
0.050025
0.047859
0.046299
0.045159
0.044326
0.041821
0.039375
0.0376
0.03647
0.035944
0.035981
0.036391
0.037191
0.036108
0.035108
0.03457
0.034375
0.034552
0.035117
0.036069
0.037527
0.036651
0.036156
0.036104
0.036511
0.037382
0.038641
0.040418
0.042386
0.041391
0.040642
0.040096
0.039781
0.039698
0.039961
0.04084
0.041582
0.039636
0.038175
0.037223
0.036812
0.036914
0.037526
0.03893
0.040007
0.038653
0.037693
0.037116
0.03694
0.037155
0.037811
0.039237
0.039858
0.038375
0.037482
0.037094
0.037258
0.037977
0.039309
0.041402
0.042388
0.041581
0.041255
0.041409
0.042106
0.043307
0.045091
0.047512
0.048309
0.047519
0.047265
0.047591
0.048509
0.050071
0.052292
0.055123
0.055729
0.054877
0.05467
0.054974
0.055848
0.057318
0.059384
0.062098
0.061829
0.060423
0.059611
0.059446
0.059992
0.061165
0.062996
0.065417
0.064251
0.062453
0.061242
0.060634
0.060568
0.061141
0.062273
0.063885
0.061535
0.058965
0.056981
0.055629
0.054852
0.054652
0.054996
0.055966
0.053032
0.050414
0
