0.62936
0.58913
0.54684
0.5026
0.45922
0.41736
0.37844
0.34343
0.31328
0.2893
0.27215
0.26332
0.26287
0.27124
0.28869
0.31525
0.35091
0.39541
0.44869
0.50889
0.57582
0.64829
0.72506
0.80529
0.88725
0.96974
1.0504
1.1264
1.1985
1.2639
1.3231
1.3744
1.4166
1.4501
1.4704
1.4773
1.4733
1.4589
1.4339
1.3985
1.3543
1.3018
1.2403
1.1728
1.101
1.0272
0.95301
0.88039
0.81032
0.74496
0.68609
0.63554
0.59467
0.56472
0.5464
0.54059
0.54774
0.56831
0.60259
0.65004
0.70952
0.77999
0.86061
0.94989
1.0462
1.1479
1.2516
1.3565
1.4593
1.5594
1.6545
1.7422
1.8225
1.892
1.946
1.9863
2.0132
2.0263
2.0246
2.0092
1.9804
1.9382
1.8825
1.8159
1.7417
1.6616
1.5781
1.4928
1.4083
1.3271
1.2516
1.1846
1.1288
1.0854
1.0563
1.043
1.0468
1.0682
1.1094
1.1685
1.2449
1.3381
1.4469
1.5692
1.7034
1.8467
1.9968
2.1495
2.3033
2.455
2.6007
2.7405
2.8693
2.9834
3.0782
3.1553
3.2144
3.2526
3.2706
3.2679
3.2466
3.2014
3.1367
3.0566
2.9635
2.8604
2.75
2.6355
2.5207
2.4089
2.3051
2.2119
2.134
2.0741
2.035
2.0195
2.0293
2.0676
2.135
2.2306
2.354
2.5038
2.6787
2.8766
3.0939
3.3293
3.5756
3.8298
4.0875
4.3449
4.5962
4.8373
5.0644
5.2685
5.4473
5.6027
5.7282
5.8239
5.8881
5.9226
5.9239
5.8914
5.831
5.7466
5.6429
5.5243
5.3946
5.2602
5.1263
5.0008
4.8887
4.7977
4.7332
4.7003
4.7048
4.7503
4.8406
4.983
5.1746
5.4163
5.7069
6.0449
6.4277
6.8494
7.3116
7.8014
8.3134
8.8399
9.374
9.9073
10.431
10.937
11.415
11.85
12.251
12.601
12.9
13.142
13.329
13.456
13.522
13.526
13.478
13.384
13.255
13.093
12.909
12.714
12.521
12.341
12.187
12.072
12.007
12.004
12.074
12.225
12.471
12.819
13.271
13.827
14.489
15.255
16.122
17.085
18.138
19.269
20.462
21.706
22.989
24.291
25.597
26.89
28.151
29.356
30.5
31.567
32.543
33.426
34.201
34.861
35.394
35.807
36.111
36.307
36.409
36.427
36.375
36.278
36.144
36.003
35.88
35.798
35.782
35.855
36.041
36.361
36.851
37.524
38.389
39.458
40.742
42.243
43.971
45.917
48.089
50.458
53.01
55.739
58.605
61.589
64.661
67.802
70.965
74.121
77.241
80.285
83.248
86.094
88.787
91.311
93.624
95.753
97.674
99.393
100.91
102.23
103.4
104.41
105.27
106.04
106.76
107.45
108.16
108.93
109.81
110.83
112.08
113.56
115.31
117.37
119.76
122.53
125.68
129.23
133.2
137.57
142.35
147.48
152.97
158.76
164.85
171.18
177.7
184.34
191.06
197.8
204.51
211.12
217.58
223.79
229.76
235.41
240.72
245.65
250.18
254.3
258.01
261.26
264.1
266.55
268.68
270.48
272.02
273.36
274.53
275.64
276.73
277.89
279.18
280.67
282.44
284.55
287.05
290.02
293.49
297.52
302.1
307.24
312.94
319.21
326.04
333.41
341.23
349.45
358.03
366.89
375.92
385.05
394.16
403.23
412.06
420.59
428.74
436.4
443.51
449.97
455.7
460.58
464.6
467.79
470.06
471.42
471.87
471.42
470.09
467.86
464.85
461.13
456.76
451.82
446.41
440.61
434.52
428.2
421.8
415.4
409.1
403.02
397.13
391.6
386.48
381.83
377.69
374.04
370.97
368.44
366.46
364.99
364.09
363.66
363.66
364.03
364.71
365.65
366.77
368.01
369.3
370.56
371.72
372.72
373.5
374.01
374.21
374.03
373.45
372.42
370.98
369.08
366.71
363.93
360.74
357.14
353.16
348.8
344.16
339.26
334.19
328.91
323.52
318.07
312.58
307.12
301.73
296.43
291.3
286.36
281.66
277.17
273
269.16
265.66
262.54
259.82
257.53
255.7
254.36
253.6
253.41
253.84
254.91
256.68
259.19
262.51
266.69
271.86
277.99
285.16
293.45
302.87
313.48
325.31
338.49
353.05
368.95
386.19
404.75
424.7
445.96
468.47
492.18
516.97
542.95
569.77
597.35
625.55
654.23
683.28
712.41
741.39
770.01
798.12
825.68
852.2
877.57
901.54
923.94
944.46
963
979.42
993.57
1005.4
1014.6
1021.3
1025.3
1026.4
1024.8
1020.5
1013.6
1004.1
992.15
977.71
960.95
942
921.14
898.56
874.39
848.88
822.25
794.72
766.5
737.56
708.46
679.33
650.37
621.69
593.48
565.94
539.22
513.47
488.78
465.14
442.77
421.68
401.95
383.5
366.47
350.85
336.57
323.64
311.96
301.51
292.28
284.19
277.3
271.39
266.47
262.46
259.29
256.92
255.29
254.35
254.12
254.48
255.39
256.83
258.75
261.12
263.92
267.1
270.7
274.63
278.86
283.36
288.11
293.09
298.25
303.54
308.92
314.34
319.82
325.24
330.58
335.79
340.83
345.65
350.17
354.37
358.23
361.71
364.8
367.46
369.67
371.42
372.69
373.53
373.95
373.99
373.66
373.02
372.12
370.99
369.72
368.36
367
365.7
364.53
363.55
362.86
362.49
362.54
363.02
364.01
365.51
367.54
370.14
373.3
377.01
381.31
386.07
391.29
396.89
402.83
409.03
415.4
421.85
428.29
434.61
440.75
446.57
452
456.94
461.33
465
467.94
470.08
471.4
471.85
471.41
470.06
467.81
464.6
460.53
455.61
449.94
443.57
436.58
429.02
420.98
412.53
403.82
394.94
385.97
377
368.14
359.47
351.09
343.02
335.38
328.19
321.51
315.37
309.74
304.67
300.16
296.22
292.79
289.81
287.25
285.06
283.18
281.56
280.11
278.77
277.48
276.15
274.72
273.12
271.3
269.22
266.82
264.03
260.86
257.29
253.32
248.95
244.14
238.96
233.42
227.52
221.35
214.94
208.34
201.61
194.81
188.04
181.22
174.54
168.02
161.73
155.69
149.93
144.52
139.46
134.82
130.6
126.77
123.36
120.35
117.74
115.49
113.57
111.99
110.69
109.61
108.73
107.98
107.33
106.74
106.17
105.55
104.86
104.06
103.13
102.03
100.74
99.26
97.568
95.643
93.505
91.151
88.613
85.901
83.039
80.048
76.952
73.776
70.564
67.356
64.175
61.047
58.018
55.11
52.351
49.771
47.38
45.199
43.237
41.505
39.993
38.708
37.648
36.818
36.186
35.733
35.442
35.291
35.258
35.32
35.445
35.617
35.802
35.978
36.119
36.209
36.229
36.162
35.993
35.704
35.29
34.76
34.108
33.341
32.459
31.474
30.391
29.219
27.985
26.704
25.385
24.057
22.733
21.432
20.163
18.951
17.808
16.747
15.781
14.909
14.141
13.486
12.946
12.522
12.204
11.989
11.868
11.833
11.874
11.981
12.144
12.345
12.572
12.811
13.05
13.277
13.481
13.652
13.773
13.844
13.858
13.81
13.701
13.527
13.291
12.994
12.633
12.218
11.757
11.261
10.735
10.189
9.6321
9.0683
8.5097
7.9662
7.4464
6.957
6.504
6.0932
5.7287
5.4137
5.1552
4.9475
4.7932
4.6892
4.633
4.6206
4.6486
4.7115
4.8053
4.921
5.052
5.1918
5.3345
5.4738
5.6039
5.7178
5.8093
5.8757
5.9143
5.9233
5.8999
5.8446
5.7572
5.6372
5.4825
5.3001
5.0955
4.8708
4.6305
4.3797
4.12
3.8586
3.5989
3.3476
3.1087
2.8857
2.6827
2.5023
2.3467
2.2196
2.1206
2.0512
2.01
1.9964
2.0086
2.045
2.103
2.1803
2.2732
2.3772
2.4885
2.6039
2.7193
2.8315
2.9363
3.0297
3.1074
3.1689
3.2121
3.2359
3.24
3.2226
3.1844
3.1221
3.0373
2.9356
2.8176
2.6861
2.5429
2.3915
2.2344
2.0726
1.9111
1.7536
1.6024
1.4608
1.3308
1.2145
1.1134
1.0305
0.96595
0.92013
0.8932
0.88467
0.89405
0.92041
0.96237
1.0191
1.0872
1.1653
1.2502
1.3399
1.4319
1.5238
1.6136
1.6958
1.7706
1.8359
1.8906
1.9336
1.9633
1.9793
1.9809
1.9629
1.9314
1.8864
1.829
1.76
1.6813
1.5943
1.4998
1.3982
1.2943
1.1897
1.087
0.98755
0.89335
0.80564
0.72645
0.65719
0.59894
0.55253
0.51824
0.49635
0.48705
0.48999
0.50509
0.53158
0.56815
0.61327
0.66577
0.72426
0.78707
0.85293
0.91946
0.98436
1.0468
1.1054
1.1591
1.2064
1.2465
1.2784
1.2993
1.3089
1.3088
1.2991
1.2798
1.2517
1.2152
1.171
1.118
1.0577
0.99393
0.92698
0.85835
0.78939
0.72107
0.65503
0.59175
0.53306
0.48013
0.43379
0.39484
0.36359
0.34046
0.3257
0.31973
0.32228
0.3326
0.35021
0.37436
0.40454
0.43979
0.47912
0.52099
0.56439
0.60825
0.65175
0.6937
0.73324
0.76919
0.8014
0.82584
0.84434
0
