0.37393
0.40313
0.43582
0.46936
0.50307
0.53596
0.5664
0.59319
0.61519
0.63114
0.64
0.63835
0.62928
0.61287
0.58972
0.56066
0.52658
0.48884
0.44821
0.40713
0.36796
0.33278
0.30339
0.28136
0.26836
0.26551
0.27414
0.29515
0.3277
0.37183
0.42634
0.49018
0.56189
0.63923
0.71943
0.79835
0.87488
0.94639
1.0106
1.0655
1.1085
1.1381
1.1495
1.1414
1.1179
1.0792
1.0263
0.96046
0.88439
0.80004
0.70832
0.61425
0.52266
0.43699
0.36045
0.29599
0.24635
0.21371
0.20157
0.21014
0.23917
0.28823
0.35605
0.44093
0.54051
0.65176
0.76924
0.88875
1.0074
1.1206
1.2247
1.3159
1.3908
1.4472
1.4756
1.4806
1.4632
1.4243
1.3657
1.2895
1.1988
1.0975
0.98759
0.87812
0.77419
0.68087
0.60279
0.54475
0.51041
0.50303
0.52789
0.58318
0.66861
0.78326
0.92468
1.0897
1.2738
1.4725
1.6751
1.8779
2.0745
2.2584
2.4242
2.5662
2.6797
2.7583
2.791
2.788
2.7485
2.6743
2.5684
2.4346
2.2787
2.1047
1.9188
1.7334
1.556
1.3942
1.2544
1.1431
1.065
1.0273
1.0328
1.08
1.1684
1.2953
1.4575
1.6497
1.8654
2.0964
2.3316
2.566
2.7891
2.9935
3.1722
3.3185
3.4286
3.4919
3.5081
3.4824
3.4172
3.3177
3.1879
3.0353
2.8681
2.6935
2.5249
2.372
2.2443
2.1495
2.0957
2.0883
2.1309
2.2294
2.3809
2.5809
2.8253
3.1071
3.4181
3.7478
4.0885
4.4213
4.7369
5.026
5.2789
5.4879
5.6464
5.7499
5.7965
5.7752
5.7032
5.5848
5.4292
5.2469
5.0491
4.8495
4.6612
4.501
4.3816
4.3143
4.3097
4.374
4.5123
4.7265
5.0159
5.3806
5.8056
6.2805
6.7915
7.3257
7.8666
8.3966
8.8981
9.3445
9.7327
10.05
10.288
10.443
10.511
10.498
10.405
10.24
10.026
9.7811
9.5247
9.278
9.0622
8.8991
8.8108
8.8239
8.9454
9.1869
9.5534
10.051
10.676
11.418
12.268
13.206
14.208
15.251
16.307
17.351
18.352
19.298
20.146
20.879
21.491
21.976
22.335
22.57
22.692
22.717
22.658
22.561
22.449
22.36
22.325
22.38
22.555
22.878
23.386
24.089
24.992
26.103
27.407
28.896
30.544
32.333
34.225
36.173
38.139
40.077
41.956
43.735
45.377
46.856
48.128
49.21
50.101
50.812
51.366
51.788
52.129
52.427
52.739
53.127
53.65
54.367
55.324
56.57
58.141
60.067
62.406
65.113
68.181
71.578
75.281
79.238
83.38
87.643
91.936
96.195
100.35
104.32
108.05
111.47
114.58
117.32
119.66
121.66
123.33
124.74
125.94
127.02
128.05
129.12
130.39
131.93
133.83
136.17
139.03
142.49
146.56
151.3
156.7
162.69
169.26
176.29
183.7
191.38
199.22
207.09
214.81
222.28
229.37
235.99
242.05
247.46
252.19
256.18
259.47
262.13
264.22
265.84
267.12
268.19
269.19
270.29
271.67
273.45
275.81
278.83
282.6
287.21
292.7
299.1
306.34
314.35
322.99
332.17
341.72
351.45
361.17
370.63
379.66
388.06
395.66
402.3
407.83
412.21
415.33
417.05
417.5
416.74
414.88
412.02
408.32
403.95
399.09
393.95
388.74
383.68
378.93
374.68
371.03
368.1
365.98
364.75
364.36
364.78
365.91
367.66
369.9
372.49
375.25
377.99
380.52
382.66
384.26
385.17
385.26
384.42
382.56
379.56
375.49
370.38
364.27
357.26
349.39
340.82
331.67
322.09
312.27
302.37
292.56
283
273.84
265.22
257.27
250.17
243.97
238.76
234.6
231.55
229.66
228.94
229.49
231.29
234.33
238.53
243.88
250.35
257.89
266.45
275.97
286.35
297.44
309.15
321.4
333.96
346.73
359.52
372.17
384.49
396.3
407.46
417.78
427.16
435.46
442.55
448.24
452.55
455.54
457.17
457.51
456.64
454.7
451.77
448.01
443.67
438.97
434.12
429.31
424.75
420.63
417.1
414.4
412.45
411.44
411.35
412.14
413.8
416.18
419.14
422.54
426.14
429.78
433.18
436.19
438.58
440.17
440.84
440.32
438.64
435.77
431.71
426.54
420.35
413.27
405.46
397.11
388.37
379.67
371.17
363.12
355.66
349.09
343.49
338.99
335.71
333.63
332.71
332.97
334.25
336.44
339.27
342.66
346.31
350.04
353.62
356.88
359.66
361.77
363.09
363.54
363.15
361.93
359.97
357.38
354.36
350.91
347.35
343.89
340.74
338.14
336.26
335.24
335.27
336.42
338.85
342.3
346.98
352.75
359.44
367
375.15
383.67
392.29
400.8
409.03
416.66
423.57
429.58
434.51
438.39
440.94
442.29
442.51
441.66
439.91
437.38
434.26
430.75
427.05
423.37
419.98
417.02
414.68
413.03
412.27
412.4
413.48
415.45
418.24
421.73
425.82
430.32
435.06
439.79
444.35
448.47
451.98
454.7
456.45
457.1
456.53
454.65
451.32
446.63
440.59
433.29
424.8
415.26
404.73
393.39
381.36
368.88
356.15
343.29
330.48
317.91
305.72
294.09
283.04
272.81
263.46
255.07
247.7
241.41
236.26
232.34
229.69
228.28
228.06
229.08
231.29
234.68
239.18
244.81
251.45
258.98
267.29
276.26
285.77
295.65
305.77
315.91
325.97
335.71
344.99
353.67
361.6
368.68
374.77
379.75
383.59
386.31
387.98
388.59
388.25
387.07
385.16
382.68
379.83
376.81
373.81
371
368.56
366.65
365.39
364.97
365.37
366.71
368.89
371.92
375.7
380.12
385.06
390.34
395.74
401.05
406.07
410.61
414.46
417.43
419.37
420.05
419.47
417.59
414.4
409.92
404.21
397.39
389.57
380.86
371.56
361.79
351.85
341.89
332.14
322.74
313.89
305.76
298.43
291.97
286.38
281.65
277.79
274.72
272.35
270.55
269.16
268.03
266.98
265.9
264.57
262.9
260.75
257.99
254.59
250.5
245.71
240.25
234.15
227.53
220.33
212.79
205.03
197.18
189.36
181.7
174.32
167.34
160.88
155.01
149.73
145.12
141.15
137.81
135.05
132.81
131.05
129.65
128.5
127.5
126.54
125.53
124.38
123.02
121.34
119.32
116.92
114.16
111.03
107.54
103.75
99.704
95.45
91.086
86.679
82.32
78.084
74.038
70.248
66.749
63.629
60.891
58.546
56.587
54.996
53.754
52.823
52.156
51.716
51.414
51.2
51.012
50.798
50.504
50.088
49.516
48.741
47.77
46.599
45.23
43.69
41.999
40.191
38.295
36.349
34.411
32.522
30.723
29.044
27.518
26.169
25.018
24.088
23.356
22.822
22.47
22.278
22.222
22.266
22.384
22.536
22.684
22.799
22.85
22.812
22.668
22.403
22.004
21.455
20.783
19.998
19.114
18.152
17.135
16.087
15.032
14.001
13.021
12.113
11.297
10.587
9.9951
9.5204
9.1766
8.956
8.8439
8.8277
8.8906
9.0145
9.1803
9.3672
9.5553
9.7145
9.8369
9.9062
9.9109
9.8452
9.7024
9.4839
9.1828
8.8145
8.3936
7.928
7.4375
6.9356
6.4378
5.9602
5.5167
5.1233
4.7893
4.5228
4.327
4.2039
4.153
4.1697
4.2518
4.3842
4.554
4.7496
4.9574
5.1658
5.3581
5.5252
5.6464
5.7201
5.7408
5.7057
5.6118
5.4618
5.2587
5.0095
4.7089
4.3819
4.0375
3.6864
3.3404
3.0092
2.7029
2.4305
2.202
2.0214
1.8906
1.8114
1.7827
1.8013
1.8629
1.9617
2.0903
2.2378
2.3957
2.5549
2.7066
2.8436
2.9588
3.0427
3.0908
3.1023
3.078
3.0184
2.9269
2.8055
2.6599
2.4937
2.3139
2.1311
1.9533
1.7853
1.634
1.5045
1.4019
1.3297
1.2909
1.2843
1.3091
1.3622
1.4403
1.5399
1.6555
1.7802
1.9078
2.031
2.1454
2.2453
2.3276
2.3852
2.4176
2.4163
2.384
2.3243
2.2396
2.1313
2.0039
1.8612
1.7093
1.5467
1.3855
1.231
1.0875
0.95941
0.84995
0.7617
0.69672
0.6581
0.64441
0.65326
0.68358
0.7324
0.79638
0.87227
0.95538
1.0397
1.1216
1.1976
1.2637
1.3165
1.3545
1.3754
1.3773
1.3555
1.3151
1.2585
1.1874
1.1049
1.0131
0.91568
0.81584
0.71605
0.62231
0.53829
0.46588
0.40773
0.36548
0.34059
0.3334
0.34514
0.37328
0.4162
0.47197
0.53809
0.61167
0.68986
0.76846
0.84281
0.91045
0.96968
1.0179
1.053
1.0743
1.0803
1.0676
1.0354
0.98889
0.92985
0.85953
0.7807
0.69569
0.60676
0.51685
0.42814
0.34557
0.27147
0.20809
0.15707
0.11976
0.097129
0.090405
0.099382
0.1224
0.15864
0.20648
0.26406
0.32946
0.4001
0.4721
0.54282
0.6108
0.67371
0.72919
0.77634
0.8136
0.83975
0.85005
0.84646
0.83173
0.80641
0.772
0.72897
0.67933
0.62498
0.56485
0.50402
0.44545
0.39012
0.33999
0.29631
0.2605
0.23272
0.21484
0.20643
0
