0.12956
0.15154
0.16436
0.16363
0.19514
0.19409
0.21222
0.23401
0.21657
0.2668
0.26288
0.29543
0.29167
0.29322
0.31267
0.28563
0.31516
0.30804
0.31778
0.31161
0.29274
0.2996
0.27337
0.27579
0.26951
0.23047
0.25826
0.23905
0.23465
0.22744
0.2214
0.22338
0.21082
0.22107
0.22313
0.21392
0.23066
0.23217
0.23984
0.24824
0.25462
0.2688
0.26806
0.2821
0.28454
0.28778
0.3015
0.30549
0.31458
0.3071
0.32203
0.31689
0.30844
0.32281
0.2969
0.31481
0.31146
0.32636
0.32038
0.30021
0.31966
0.29364
0.30184
0.30437
0.31005
0.31163
0.28743
0.30303
0.28498
0.28141
0.28623
0.25576
0.28046
0.26731
0.27616
0.2678
0.26085
0.26927
0.25187
0.27127
0.27308
0.24851
0.29662
0.29652
0.32112
0.32166
0.34831
0.37201
0.3576
0.42669
0.42405
0.42113
0.4824
0.50192
0.53393
0.52663
0.57199
0.58617
0.55698
0.6072
0.57643
0.58352
0.59713
0.59249
0.59273
0.55119
0.55317
0.52097
0.48825
0.47577
0.421
0.41112
0.37976
0.3468
0.32027
0.28352
0.2579
0.22683
0.20357
0.18478
0.1586
0.1487
0.13611
0.12328
0.12088
0.11641
0.11741
0.11977
0.12399
0.13372
0.13571
0.15016
0.15924
0.16989
0.17931
0.19074
0.2028
0.20023
0.2203
0.22547
0.23444
0.23757
0.24761
0.25804
0.24598
0.27699
0.27401
0.27304
0.30665
0.31908
0.34291
0.34625
0.38053
0.40347
0.40641
0.45009
0.45505
0.48299
0.51684
0.52118
0.55608
0.56203
0.5613
0.57619
0.5665
0.56553
0.53047
0.52607
0.52743
0.46729
0.46497
0.43578
0.39945
0.38673
0.35043
0.34209
0.30651
0.3173
0.32235
0.32859
0.35669
0.38592
0.43804
0.46932
0.55678
0.62883
0.69359
0.79888
0.87839
0.98326
1.0656
1.1623
1.2798
1.3103
1.4303
1.4886
1.5422
1.6237
1.6365
1.716
1.7147
1.7391
1.7665
1.7448
1.7991
1.7669
1.8119
1.835
1.8138
1.8943
1.8867
1.959
1.9662
2.0336
2.1589
2.1297
2.3059
2.3631
2.4043
2.5262
2.552
2.6681
2.5768
2.7182
2.8182
2.6821
2.8197
2.7721
2.7566
2.7853
2.6821
2.7693
2.529
2.682
2.69
2.6471
2.7983
2.7733
2.9617
3.048
3.189
3.4359
3.5117
3.9334
4.1035
4.4703
4.8139
5.0055
5.5232
5.6714
6.0913
6.2898
6.543
7.012
6.9392
7.4491
7.5603
7.5748
7.7164
7.5978
8.0984
7.8176
8.1531
8.4996
8.1428
8.733
8.792
9.0752
9.074
9.5473
10.477
10.2
11.475
12.108
12.615
13.738
14.294
15.587
15.5
17.265
18.471
18.691
20.401
20.924
22.1
22.865
23.447
24.99
24.104
26.063
26.405
26.83
28.017
27.778
29.374
29.212
29.988
30.865
30.616
32.877
32.675
34.531
36.014
35.969
38.485
37.668
41.559
42.182
44.124
47.613
46.829
51.323
52.715
53.976
55.516
56.359
61.201
59.701
64.019
66.74
65.482
69.853
69.987
72.406
70.834
73.913
78.659
74.833
80.985
82.033
83.077
86.917
86.956
92.316
87.609
95.776
99.606
98.818
106.3
106.57
112.05
115.16
116.21
123.59
119.02
129.23
130.07
133.06
139.55
136.85
145.94
136.11
147.12
149.15
147.5
156.19
151.35
158.29
160.89
157.12
162.02
155.92
166.69
162.82
167.16
174.44
166.26
178.02
177.57
179.46
178.87
180.4
192.28
183.28
196.14
199.97
196.46
206.29
204.44
211.28
202.56
212.02
221.46
209.69
222.66
220.66
221.72
225.5
221.1
230.1
212.35
226.23
226.55
220.72
228.89
221.82
228.15
211.2
223.05
228.68
217.52
230.06
225.26
228.98
234.84
227.74
240.12
224.86
242.21
242.91
243.88
258.04
250.43
266.56
269.98
269.76
277.59
273.56
294.6
288.11
302.14
315.57
305.23
326.2
325.68
333.05
328.88
335.92
355.91
336.56
361
363.8
359.73
372.66
367.17
379.74
358.72
377.79
387.54
370.18
389.35
382.63
387.69
370.44
380.91
401.1
372.35
396.32
394.42
390.9
403.82
392.67
409.04
376.82
403.91
410.6
397.35
418.63
407.64
418.71
423.8
412
428.27
403.64
429.16
421.51
422.92
437.63
417.02
438.42
431.22
427.25
425.39
415.44
435.36
413.26
427.98
432.21
413.1
428.12
417.26
421.38
403.74
409.54
423.69
394.57
415.97
410.27
404.94
395.12
392.58
412.86
383.38
404.64
408.01
392.71
408.4
398.36
406.08
382.68
397.82
412.86
387.46
410.06
404.38
404.93
414.22
402.43
420.83
387.9
413.97
415.31
406.04
423.92
409.49
423.17
422.16
413.33
422.55
401.86
423.78
410.81
415.17
424.14
402.27
421.31
410.33
409.22
401.19
395.13
410.43
385.87
402.25
399.71
385.82
385.49
371
390.08
369.49
378.87
389.24
364.24
381.58
374.05
372.66
359.21
361.01
377.99
348.06
369.07
367.82
356.95
367.01
355.26
362.51
335.48
349.74
354.77
333.35
346.58
334.82
333.46
332.66
318.11
326.44
296.82
309.36
300.96
291.19
295.63
278.14
283.42
273.78
264.96
262.48
247.65
255.6
241.67
243.13
243.41
229
236.58
228.09
228.07
220.54
219.5
227.18
212.7
224
222
217.96
216.76
212.7
224.75
212.52
222.05
226.53
216.01
225.75
220.93
222.84
212.59
216.22
224.71
207.24
217.7
213.73
208.6
210.9
202.43
206.15
187.12
195.49
194.43
183.66
188.64
180.25
180.63
177.95
170.89
174.37
160.98
168.29
163.4
161.36
164.44
156.1
162.19
157.22
155.49
154.22
149.08
154.75
146.62
150
149.55
142.13
142.99
134
139.19
131.87
130.92
132.22
121.23
124.82
119.76
115.71
110.46
106.46
108.58
98.754
100.97
98.685
92.536
93.252
88.623
87.888
81.045
81.675
82.509
75.369
77.536
74.518
72.494
71.772
68.132
68.928
61.734
63.796
62.036
58.523
58.85
55.116
54.757
52.276
49.755
49.092
44.9
45.561
42.78
41.662
40.913
37.961
38.247
34.333
35.294
33.856
32.504
32.863
30.508
31.026
30.064
28.693
28.216
26.56
27.255
25.426
25.352
25.201
23.138
23.44
22.155
21.41
19.974
19.202
19.155
17.01
17.117
16.167
14.97
14.525
13.381
12.961
11.454
11.322
10.923
9.8142
9.768
9.1032
8.7782
8.4639
7.9949
8.0801
7.2628
7.5455
7.3583
7.1506
7.2914
6.9785
7.1789
6.5484
6.9021
6.9193
6.5887
6.8058
6.4814
6.4873
6.3824
6.0059
6.0114
5.4538
5.5315
5.1788
4.9357
4.8342
4.3532
4.3154
3.993
3.7342
3.5079
3.2342
3.2206
2.9055
2.8853
2.8136
2.5984
2.6369
2.5194
2.5095
2.3809
2.3948
2.468
2.2835
2.3864
2.3272
2.2664
2.2508
2.1451
2.144
1.9292
1.9463
1.8623
1.7085
1.6704
1.5335
1.4727
1.3048
1.2815
1.2599
1.1314
1.1594
1.1167
1.1074
1.1357
1.1123
1.1862
1.1242
1.2258
1.26
1.2645
1.336
1.3117
1.3587
1.3337
1.3098
1.2933
1.2018
1.1911
1.0913
1.029
0.93995
0.83513
0.76451
0.64046
0.57524
0.48327
0.41351
0.36112
0.30095
0.27955
0.25268
0.24284
0.25264
0.26197
0.292
0.30925
0.35154
0.40031
0.41407
0.46475
0.4853
0.50864
0.51008
0.51878
0.53378
0.49357
0.4957
0.46246
0.42489
0.39218
0.34508
0.31321
0.25531
0.23185
0.19918
0.16461
0.1505
0.13245
0.12737
0.12882
0.13074
0.15032
0.15611
0.18588
0.20869
0.22908
0.26258
0.27342
0.30281
0.31609
0.32137
0.3296
0.31909
0.32671
0.30607
0.29827
0.28017
0.25219
0.23553
0.20245
0.18457
0.15618
0.13721
0.12033
0.10118
0.094159
0.082755
0.080527
0.079212
0.081332
0.090096
0.094275
0.10633
0.11822
0.12387
0.13765
0.14339
0.15119
0.15119
0.15523
0.161
0.1489
0.15117
0.1426
0.13396
0.12684
0.11518
0.11025
0.094118
0.094434
0.089061
0.08488
0.087673
0.088254
0.096503
0.10233
0.11385
0.12898
0.13847
0.15884
0.17259
0.18952
0.20768
0.21777
0.23816
0.24134
0.25254
0.25706
0.25603
0.26222
0.25159
0.25221
0.24084
0.22785
0.21718
0.19582
0.18908
0.16862
0.15674
0.14428
0.12579
0.11943
0.10567
0.099002
0.090611
0.085921
0.087384
0.081661
0.087129
0.088712
0.090394
0.096344
0.09832
0.10544
0.10553
0.11237
0.1155
0.11465
0.11754
0.11401
0.11462
0.10737
0.10587
0.10175
0.09362
0.089216
0.078943
0.073802
0.063476
0.057189
0.05152
0.038365
0.04017
0.032719
0.030173
0.026013
0.023433
0.023633
0.019639
0.023708
0.024022
0.02565
0.029224
0.030781
0.035712
0.037674
0.042724
0.047958
0.046953
0.05609
0.058279
0.062778
0.066252
0.068711
0.073841
0.071937
0.078203
0.078037
0.075592
0.080887
0.079288
0.08071
0.077557
0.077464
0.075852
0.069532
0.070133
0.063606
0.060567
0.058907
0.054191
0.052583
0.046644
0.04465
0
