0.22428
0.21628
0.22081
0.19971
0.20529
0.19027
0.18009
0.18342
0.15089
0.16962
0.15421
0.15563
0.14704
0.13371
0.13851
0.11807
0.12425
0.11997
0.11685
0.11674
0.10751
0.11055
0.10425
0.10385
0.10585
0.096539
0.10438
0.10259
0.10078
0.10284
0.1006
0.1019
0.10186
0.10003
0.10318
0.099318
0.10063
0.098892
0.097817
0.10011
0.096483
0.10018
0.096649
0.098519
0.097906
0.095448
0.10124
0.09942
0.10543
0.10252
0.10883
0.11146
0.10833
0.12023
0.1127
0.12336
0.12952
0.1348
0.14307
0.13838
0.15052
0.14771
0.15145
0.16019
0.15759
0.16628
0.16174
0.16325
0.16338
0.15797
0.1601
0.15017
0.15057
0.14817
0.13608
0.13527
0.12614
0.11937
0.11312
0.10422
0.10039
0.089575
0.086698
0.081179
0.075315
0.075039
0.071724
0.074561
0.072077
0.080442
0.084872
0.084963
0.10473
0.11271
0.13195
0.14129
0.16471
0.18797
0.18959
0.23305
0.23913
0.26201
0.30221
0.32437
0.36288
0.36186
0.40897
0.42222
0.42713
0.47403
0.44533
0.49644
0.50803
0.52342
0.53925
0.51722
0.54472
0.51397
0.51949
0.52571
0.50114
0.51143
0.47415
0.4687
0.44458
0.41939
0.41509
0.36286
0.37288
0.35127
0.32705
0.32121
0.30008
0.29482
0.28402
0.27824
0.28675
0.27839
0.29057
0.30178
0.30684
0.33991
0.34731
0.38129
0.41751
0.42569
0.47826
0.50033
0.53844
0.55741
0.59537
0.64917
0.64514
0.70933
0.725
0.74816
0.7731
0.78153
0.81979
0.79458
0.84115
0.83851
0.82984
0.84513
0.8249
0.8442
0.8027
0.82667
0.82615
0.79404
0.81796
0.79287
0.80804
0.78945
0.80124
0.82888
0.79306
0.85443
0.85762
0.87878
0.91368
0.92876
0.98825
0.98021
1.0527
1.0993
1.099
1.184
1.1994
1.2555
1.2915
1.3093
1.3889
1.3568
1.4209
1.4261
1.4273
1.4826
1.4407
1.4966
1.4806
1.4567
1.4858
1.4426
1.4721
1.4116
1.438
1.4745
1.3943
1.4805
1.473
1.4897
1.4833
1.5231
1.6569
1.5982
1.7734
1.8761
1.9053
2.0947
2.168
2.3447
2.3382
2.5894
2.8422
2.8231
3.1545
3.2754
3.4519
3.6753
3.7587
4.0804
3.9077
4.3201
4.4619
4.5003
4.7993
4.7697
5.0311
5.0782
5.1084
5.2991
5.1231
5.4819
5.4006
5.5521
5.7357
5.5703
5.9449
5.8934
6.0491
6.0848
6.1865
6.6228
6.4706
7.0258
7.2482
7.3518
7.6873
7.7839
8.605
8.5905
9.3155
10.025
9.9583
10.969
11.305
11.915
12.053
12.782
13.937
13.512
14.973
15.49
15.78
16.748
16.964
17.965
17.27
18.735
19.558
19.144
20.514
20.545
21.247
21.706
21.818
23.118
21.856
23.698
23.947
24.241
25.49
25.275
26.907
27.005
27.742
28.785
28.664
31.045
31.012
32.925
34.449
34.458
36.922
36.108
39.858
40.403
42.263
45.443
44.702
48.986
50.227
51.483
52.924
53.882
58.618
57.292
61.8
64.592
63.63
68.18
68.646
71.256
69.73
73.224
77.966
74.078
80.22
81.052
81.731
84.892
84.686
88.944
83.395
90.537
93.104
91.262
97.051
96.431
100.23
101.89
102.2
107.99
103.23
111.99
112.64
115.33
121.18
119.69
128.59
120.32
132.06
135.43
135.71
145.75
143.48
152.44
157.26
155.86
163.01
158.92
172.37
170.29
176.92
186.13
178.63
192.63
193.13
195.38
194.71
196.64
209.16
198.75
212.42
215.77
210.72
220.34
217.83
223.65
213.04
222.9
232.24
218.93
232.62
230.7
231.79
235.87
232.96
242.92
224.52
241.54
243.52
238.91
249.61
244.58
253.38
235.46
252.04
260.38
249.22
265.54
261.71
267.17
274.45
267.24
281.88
263.05
283.23
282.95
282.59
296.68
286.17
301.8
302.41
298.67
303.6
295.31
313.88
302.9
313.47
322.55
307.51
324.31
319.42
322.12
313.61
316.88
331.35
309.47
329.1
328.06
321.3
329.57
323.06
331
309.94
325.55
331.88
315.11
330.16
323.62
326.43
309.59
319.03
335.1
309.39
329.53
327.48
323.81
333.78
325.33
338.06
309.75
333.7
339.46
328.47
346.88
339.06
349.18
354.65
346.5
362.47
343.03
368.37
364.87
369.75
386.11
372.5
396.81
395.18
396.65
400.14
396.69
421.91
406.7
428.24
438.77
425.66
447.89
443.54
453.85
440.19
453.57
474.5
446.66
476.67
474.63
472.36
463.21
464.56
490.63
456.73
484.75
489.14
470.59
488.58
476.58
483.1
451.52
468.41
482.39
448
470.13
459.21
453.99
458.04
440.72
453.84
410.75
433.26
428.38
411.96
423.57
403.81
410.56
403.78
389.34
392.89
368.06
383.99
368.21
368.15
372.37
349.94
364.3
352.59
349.22
340.61
334.37
346.14
324.8
338.64
336.01
324.2
323.76
311.91
328.56
311.32
320.55
329.51
308.81
324.4
318.77
318.28
306.58
310.15
325.14
299.68
319.73
319.55
311.32
321.06
313.31
320.81
297.46
313.74
320.4
303.04
318.09
310.59
312.22
314.27
304.82
316.37
290.18
307.28
302.94
296.93
305.34
291.87
301.14
294.94
288.65
289.31
275.92
287.8
274.89
278.82
280.86
265.62
275.53
266.54
266.28
257.15
255.61
263.11
245.25
256.91
252.66
245.97
242.17
235.76
246.81
231.12
239.93
242.68
229.47
238.43
232.44
233.15
221.12
225.34
234.09
215.51
227.46
224.17
219.53
222.94
216.04
220.93
201.25
212.46
212.72
201.97
208.58
200.56
201.36
198.42
190.92
194.39
178.49
185.7
179.02
175.04
175.97
165.4
169.33
161.37
157.12
153.18
145.54
148.46
138.58
139.56
136.96
128.44
127.68
118.25
122.01
114.78
113.58
114.34
104.63
108.11
104.09
100.91
96.773
94.081
96.694
88.62
91.675
90.405
85.449
86.872
83.429
83.203
77.055
78.407
79.563
72.88
75.321
72.651
70.783
70.032
66.907
67.564
60.377
62.62
60.922
57.444
57.746
54.246
53.782
51.377
48.811
48.155
43.866
44.481
41.694
40.384
39.529
36.415
36.511
32.375
33.137
31.544
29.986
30.11
27.721
28.027
27.034
25.621
25.131
23.619
24.347
22.798
22.954
23.048
21.409
22.068
21.289
20.97
19.971
19.759
20.231
18.457
19.171
18.687
17.791
17.782
16.932
16.776
15.184
15.369
15.116
13.746
13.8
12.941
12.396
11.853
11.034
10.889
9.4813
9.5275
8.9557
8.3175
8.1191
7.4419
7.3071
6.334
6.4677
6.2782
5.7891
5.8772
5.5264
5.501
5.4364
5.16
5.2808
4.897
5.1713
5.0382
5.0292
5.177
4.915
5.1484
5.0484
4.956
4.8889
4.7314
4.8939
4.5753
4.6521
4.6085
4.2773
4.3092
4.0818
3.9488
3.6319
3.5269
3.4878
3.0716
3.0713
2.8753
2.657
2.5457
2.3393
2.2553
1.9607
1.955
1.8697
1.6969
1.6864
1.5781
1.5451
1.4028
1.4308
1.4582
1.3464
1.4159
1.3907
1.3889
1.418
1.3855
1.4469
1.331
1.4232
1.4246
1.3882
1.4364
1.3819
1.407
1.3874
1.3366
1.3386
1.253
1.2862
1.2263
1.2101
1.1996
1.1284
1.1448
1.0929
1.0812
1.0492
1.0316
1.0423
1.0066
1.0391
1.0145
1.024
1.0268
1.0248
1.0614
1.0446
1.0864
1.0904
1.0879
1.1155
1.102
1.1227
1.0903
1.1036
1.1133
1.0524
1.0745
1.0376
1.0001
0.97219
0.92408
0.89645
0.80225
0.78812
0.74372
0.66106
0.63039
0.56636
0.5148
0.46813
0.40534
0.37307
0.3033
0.28102
0.24465
0.20904
0.1922
0.16277
0.15321
0.1412
0.13184
0.13162
0.12917
0.14138
0.14592
0.1619
0.17539
0.18824
0.21068
0.22263
0.2452
0.25633
0.27548
0.29755
0.2986
0.32431
0.33081
0.33471
0.33591
0.33449
0.35041
0.33098
0.34038
0.34028
0.31565
0.31843
0.30268
0.28972
0.26352
0.25473
0.25118
0.21731
0.21363
0.19779
0.17807
0.16863
0.15029
0.14083
0.11932
0.11465
0.10633
0.094312
0.089748
0.082294
0.078383
0.072602
0.071779
0.070542
0.068791
0.070168
0.070801
0.073636
0.073614
0.079052
0.082952
0.081019
0.090263
0.092998
0.097115
0.10033
0.10405
0.10924
0.10819
0.11374
0.11559
0.11476
0.11915
0.1178
0.11995
0.12023
0.11716
0.11953
0.11646
0.11494
0.11092
0.10873
0.11029
0.10235
0.10455
0.10267
0.096808
0.09763
0.094104
0.092999
0.086537
0.08831
0.090292
0.083868
0.087483
0.086488
0.086018
0.087419
0.086537
0.089692
0.084333
0.089903
0.090807
0.089741
0.092802
0.091671
0.093864
0.092893
0.091984
0.092669
0.087692
0.089915
0.086252
0.084416
0.083174
0.076934
0.076034
0.066967
0.066481
0.061563
0.056248
0.054081
0.047115
0.044603
0.040996
0.035841
0.033076
0.029746
0.028821
0.027106
0.02724
0.02705
0.029192
0.031097
0.033359
0.039223
0.044046
0.050896
0.056221
0.065165
0.073698
0.079687
0.091401
0.097393
0.10843
0.11949
0.12686
0.13961
0.14503
0.15307
0
