0.10174
0.10139
0.10681
0.10542
0.10859
0.10986
0.10978
0.11484
0.10895
0.11746
0.11845
0.11785
0.1221
0.11966
0.12451
0.12012
0.1245
0.12787
0.1213
0.13069
0.12624
0.1293
0.12843
0.1283
0.13397
0.12028
0.13551
0.13203
0.13041
0.13517
0.13134
0.13735
0.12966
0.13701
0.13865
0.12594
0.14033
0.13671
0.13999
0.13914
0.13977
0.1445
0.13656
0.14461
0.14214
0.13992
0.14672
0.1462
0.14882
0.14828
0.14938
0.15137
0.15012
0.15318
0.1521
0.1538
0.15803
0.15744
0.16034
0.16213
0.16286
0.16586
0.16684
0.172
0.17208
0.17754
0.18201
0.18315
0.19047
0.19268
0.2015
0.20098
0.21243
0.22272
0.22157
0.23924
0.24255
0.25583
0.26203
0.27343
0.29256
0.2778
0.31683
0.3232
0.33446
0.35317
0.36043
0.38564
0.37946
0.41071
0.4231
0.40998
0.45373
0.45591
0.47609
0.48113
0.49262
0.51509
0.49539
0.52554
0.5157
0.51539
0.53866
0.53159
0.54455
0.52893
0.53298
0.52875
0.51048
0.5178
0.48413
0.48947
0.48321
0.46377
0.45674
0.43294
0.42179
0.39895
0.38169
0.37112
0.34649
0.33425
0.31586
0.29723
0.28344
0.26639
0.25648
0.239
0.23231
0.22779
0.21784
0.21681
0.21488
0.21586
0.22015
0.22437
0.23719
0.24243
0.25986
0.27846
0.29428
0.31795
0.33745
0.36469
0.38923
0.41369
0.44671
0.46652
0.50458
0.53253
0.56103
0.59401
0.61263
0.64892
0.66617
0.69271
0.71017
0.72544
0.75763
0.76264
0.78238
0.79273
0.79278
0.80397
0.79817
0.80899
0.80201
0.79885
0.80409
0.7826
0.78605
0.77402
0.76803
0.75747
0.74958
0.75854
0.74155
0.74886
0.75459
0.75345
0.76929
0.77632
0.80371
0.81123
0.84584
0.893
0.9181
0.97249
1.0185
1.0759
1.1378
1.1938
1.2887
1.3291
1.4329
1.5236
1.6005
1.7063
1.7788
1.8952
1.9732
2.0652
2.1731
2.2289
2.3687
2.4422
2.5357
2.634
2.6733
2.7889
2.8215
2.9103
2.9734
3.013
3.0986
3.0906
3.1706
3.1971
3.2112
3.2525
3.2495
3.3236
3.3097
3.3457
3.4046
3.3744
3.4462
3.456
3.5164
3.5272
3.5902
3.7257
3.7281
3.8607
3.9656
4.0616
4.2135
4.3258
4.5543
4.6067
4.8836
5.1523
5.3171
5.6226
5.8457
6.1652
6.4301
6.7086
7.1458
7.2764
7.8015
8.1587
8.506
8.9451
9.2169
9.7634
9.9968
10.447
10.923
11.217
11.729
11.99
12.469
12.86
13.091
13.61
13.773
14.309
14.594
14.918
15.412
15.442
16.011
16.221
16.542
16.82
17.054
17.682
17.742
18.242
18.693
18.843
19.415
19.666
20.302
20.376
21.073
21.976
22.114
22.998
23.577
24.262
25.004
25.64
26.935
26.868
28.5
29.668
30.428
31.817
32.669
34.207
35.058
36.358
38.257
39.103
40.897
42.164
43.693
45.408
46.361
48.755
49.434
51.522
53.327
54.586
56.81
57.649
59.953
61.398
62.578
64.657
65.437
68.056
69.096
70.809
73.098
73.279
75.888
76.814
78.604
79.525
80.961
83.996
83.978
86.501
88.295
89.147
91.417
92.365
95.262
94.652
97.963
101.3
101.57
104.83
106.44
108.99
110.96
112.89
117.68
118.2
121.89
125.13
127.3
131.44
133.27
138.44
139.67
143.9
149.27
151.21
156.66
159.41
164.14
168.57
170.53
177.64
178.69
185.25
189.56
193.12
199.53
200.61
207.91
210.81
214.38
219.15
221.08
228.99
230.32
235.43
241.15
240.86
247.4
248.6
253.65
253.22
257.41
265.11
262.47
268.5
270.76
271.86
274.93
275.1
281.27
279.3
282.19
286.65
284.25
288.77
288.07
291.31
289.95
290.94
297.5
293.44
297.35
298.19
298.44
301.19
299.09
305.3
299.97
304.34
307.96
306.23
310.87
309.06
313.14
314.02
312.88
318.44
314.54
321.56
322.11
323.83
328.81
324.95
332.45
331.41
334.14
335.07
335.31
343.94
341.05
346.43
349.89
347.98
353.44
352.31
358.28
357.95
359.88
367.29
361.77
368.36
368.72
370.43
371.4
371.42
379.48
374.38
378.78
382.25
379.66
384.17
382.01
387.08
381.85
384.74
391.54
386.19
390.87
389.8
390.79
391.94
388.58
396.23
386.5
392.95
394.69
392.13
396.23
391.47
396.41
393.54
392.35
395.12
388.86
396.62
393.59
394.79
397.59
390.91
397.04
392.47
394.99
395.12
393.25
398.22
391.01
396
395.68
392.81
394.83
391.44
396.88
392.38
393.54
398.05
391.02
395.66
393.02
394.47
391.17
390.9
398.1
390.04
393.85
394.2
391.49
393.54
389.77
394.85
385.2
389.77
393.65
387.87
391.45
387.97
389.31
387.53
383.68
389.21
378.46
384.97
383.73
381.21
383.23
376.61
381.31
375.1
374.24
375.59
370.5
372.8
366.84
367.47
367.16
360
362.45
356
357.5
354.04
351.13
353.23
343.79
346.62
342.94
339.64
337.4
332.97
336.04
328.84
328.55
328.84
322.1
323.17
318.5
318.88
312.14
311.73
315.49
307.5
309.02
306.7
304.31
303.43
299.47
303.01
292.47
296.89
297.7
293.29
294.93
290.91
292.32
288.81
286.66
288.87
280.7
286.03
283.6
282.25
282.62
277.07
280.37
274.49
274.66
274.01
270.21
271.3
265.41
266.03
263.57
258.69
258.31
252.65
253.27
248.42
245.65
245.33
237.24
237.13
232.07
228.78
223.82
219.48
219.45
211.49
209.58
206.28
200.14
197.48
191.72
189.7
181.42
179.45
177.96
170.85
168.7
163.93
160.25
156.09
151.39
150.6
141.86
141.82
138.88
134.57
132.52
128
126.62
122.01
119.58
118.34
114.34
113.02
109.82
107.94
106.11
102.51
102.18
98.534
97.724
95.9
93.684
92.966
89.722
89.317
87.236
85.216
83.912
81.522
81.265
78.757
77.55
76.671
73.774
73.089
70.896
69.677
67.206
65.788
65.346
62.366
61.462
59.793
57.788
56.351
54.276
53.383
50.13
49.554
48.447
46.168
45.07
43.206
41.926
40.142
38.59
37.871
35.862
34.847
33.553
32.201
31.216
29.733
29.131
27.559
26.808
26.097
24.963
24.405
23.381
22.828
22.135
21.271
20.945
20.049
19.823
19.258
18.778
18.538
17.787
17.694
17.192
16.847
16.476
16.056
16.03
15.48
15.312
15.085
14.592
14.431
14.002
13.827
13.243
13.069
12.981
12.384
12.208
11.833
11.477
11.123
10.72
10.545
10.01
9.7331
9.4367
8.9871
8.7182
8.3026
8.042
7.6001
7.3004
7.0946
6.6804
6.4519
6.1427
5.8748
5.6325
5.3303
5.195
4.8618
4.7283
4.5606
4.3568
4.2443
4.0477
3.9657
3.8275
3.7051
3.6414
3.5069
3.5
3.4102
3.3662
3.3478
3.2467
3.2627
3.1994
3.1856
3.1302
3.103
3.1359
3.0513
3.0627
3.0358
2.9775
2.9602
2.8975
2.8902
2.8087
2.7662
2.743
2.6329
2.5977
2.5133
2.4457
2.3533
2.2688
2.2251
2.0958
2.0273
1.9422
1.8396
1.7613
1.6574
1.5904
1.4733
1.4052
1.3407
1.2473
1.1877
1.1126
1.0548
0.99637
0.93583
0.90575
0.84541
0.82689
0.79919
0.77394
0.76486
0.74263
0.74903
0.7401
0.74412
0.75287
0.7554
0.78509
0.79196
0.81691
0.84102
0.84924
0.88098
0.89182
0.91963
0.93231
0.94935
0.9754
0.96662
0.98978
0.99108
0.98969
0.98771
0.97687
0.98108
0.95193
0.9427
0.92779
0.89086
0.87146
0.83528
0.80762
0.76275
0.72865
0.70212
0.64979
0.61627
0.57589
0.53468
0.49811
0.4571
0.42839
0.38512
0.35958
0.33443
0.30593
0.28685
0.26601
0.25302
0.23975
0.23143
0.22968
0.22331
0.2318
0.23646
0.24589
0.25759
0.26914
0.28982
0.30097
0.32504
0.34454
0.36439
0.38925
0.40508
0.43283
0.44818
0.46688
0.48537
0.49611
0.51834
0.52321
0.53804
0.54776
0.54424
0.55353
0.54755
0.54773
0.53522
0.52995
0.52749
0.50434
0.49819
0.48048
0.46041
0.44279
0.42049
0.40464
0.37175
0.35939
0.33999
0.31366
0.29616
0.27403
0.25636
0.23478
0.21928
0.20651
0.18199
0.1778
0.1654
0.15575
0.14688
0.14012
0.13714
0.12626
0.13008
0.1281
0.12672
0.12888
0.12922
0.13366
0.13213
0.13867
0.14203
0.13999
0.14936
0.15056
0.15484
0.15644
0.15825
0.16288
0.15804
0.16228
0.15839
0.15713
0.15879
0.15416
0.15456
0.14807
0.14485
0.14044
0.13383
0.13147
0.1209
0.12022
0.11556
0.1091
0.10644
0.10022
0.097305
0.091997
0.090141
0.089059
0.081627
0.08668
0.08533
0.08528
0.086874
0.088282
0.091859
0.092103
0.098396
0.10314
0.10529
0.11219
0.11659
0.12238
0.1273
0.13291
0.14034
0.14103
0.14917
0.15338
0.15651
0.16121
0.16315
0.16752
0.16692
0.16895
0.16904
0.16575
0.16765
0.16428
0.16264
0.1586
0.15421
0.15089
0.14256
0.13868
0.12936
0.12394
0.11864
0.11039
0.10557
0.095745
0.089531
0
