1.2722
1.3277
1.3783
1.42
1.4568
1.4858
1.5084
1.5236
1.5302
1.5317
1.524
1.5056
1.4798
1.4474
1.4089
1.364
1.3138
1.2589
1.2008
1.1361
1.0706
1.0042
0.93769
0.87259
0.80937
0.74903
0.69261
0.64122
0.59609
0.55731
0.52621
0.50317
0.48864
0.48338
0.48761
0.50192
0.52573
0.5591
0.6015
0.65247
0.71197
0.77922
0.85322
0.93379
1.0187
1.1077
1.1995
1.294
1.3878
1.4814
1.5722
1.6585
1.7403
1.8176
1.8876
1.9505
2.0048
2.052
2.0844
2.1068
2.1188
2.1198
2.1113
2.0927
2.0638
2.0256
1.9761
1.9195
1.8548
1.7853
1.7115
1.6342
1.5566
1.4783
1.4009
1.3268
1.2576
1.1951
1.1401
1.0944
1.0591
1.0352
1.026
1.0302
1.0489
1.0824
1.1315
1.1956
1.2749
1.3694
1.479
1.6016
1.7376
1.8842
2.0408
2.2055
2.3784
2.5544
2.7323
2.9106
3.0866
3.2601
3.4293
3.5899
3.7413
3.8795
4.0037
4.1101
4.2015
4.2755
4.3291
4.3684
4.3873
4.3846
4.3587
4.3142
4.2537
4.1749
4.0813
3.9736
3.8562
3.724
3.5844
3.4403
3.2938
3.1483
3.0063
2.8699
2.7423
2.6264
2.5262
2.4423
2.3781
2.3354
2.3158
2.3214
2.353
2.4132
2.5023
2.6197
2.7648
2.9364
3.1347
3.3583
3.6046
3.8747
4.1619
4.4655
4.7819
5.1101
5.4429
5.7788
6.1155
6.4453
6.7648
7.0768
7.3711
7.6482
7.9039
8.1402
8.3449
8.5185
8.6614
8.7722
8.8532
8.9049
8.9232
8.9117
8.8699
8.8003
8.7008
8.5819
8.4448
8.2914
8.1304
7.9622
7.7914
7.6229
7.4629
7.3174
7.1889
7.0838
7.0062
6.9595
6.9512
6.9853
7.0632
7.1873
7.3603
7.5832
7.8568
8.1825
8.5602
8.9902
9.4721
9.9977
10.567
11.175
11.821
12.495
13.195
13.914
14.644
15.381
16.124
16.857
17.578
18.279
18.961
19.597
20.2
20.762
21.284
21.75
22.162
22.523
22.825
23.064
23.255
23.387
23.47
23.506
23.505
23.457
23.379
23.277
23.159
23.034
22.913
22.802
22.711
22.649
22.633
22.666
22.76
22.924
23.165
23.493
23.913
24.431
25.061
25.803
26.658
27.623
28.703
29.897
31.2
32.616
34.134
35.751
37.456
39.243
41.098
43.007
44.969
46.967
48.976
51.011
53.028
55.03
57
58.937
60.805
62.61
64.326
65.95
67.479
68.921
70.245
71.462
72.564
73.57
74.434
75.203
75.876
76.453
76.962
77.406
77.791
78.138
78.46
78.787
79.126
79.503
79.938
80.447
81.061
81.793
82.676
83.72
84.944
86.362
87.992
89.847
91.941
94.284
96.904
99.779
102.92
106.32
109.98
113.89
118.04
122.44
127.06
131.89
136.87
142.03
147.32
152.73
158.23
163.77
169.33
174.9
180.44
185.92
191.29
196.56
201.68
206.62
211.38
215.91
220.22
224.28
228.11
231.66
234.95
237.96
240.7
243.18
245.43
247.44
249.25
250.86
252.31
253.62
254.81
255.94
257.03
258.11
259.24
260.44
261.75
263.22
264.87
266.77
268.93
271.37
274.15
277.26
280.74
284.65
288.97
293.7
298.85
304.44
310.43
316.85
323.67
330.87
338.43
346.32
354.49
362.92
371.55
380.35
389.27
398.26
407.24
416.18
425.01
433.69
442.16
450.35
458.21
465.66
472.67
479.2
485.21
490.67
495.52
499.75
503.31
506.14
508.28
509.72
510.46
510.51
509.87
508.55
506.56
503.89
500.64
496.81
492.48
487.68
482.44
476.77
470.86
464.61
458.16
451.55
444.83
438.07
431.34
424.65
418.09
411.63
405.49
399.55
393.89
388.57
383.54
378.92
374.69
370.87
367.44
364.42
361.84
359.64
357.83
356.41
355.29
354.55
354.11
353.93
353.98
354.25
354.69
355.27
355.95
356.71
357.48
358.26
359
359.7
360.32
360.81
361.18
361.4
361.47
361.39
361.15
360.73
360.17
359.44
358.61
357.57
356.47
355.28
354.01
352.76
351.49
350.23
349
347.87
346.88
345.97
345.27
344.76
344.4
344.46
344.66
345.15
345.93
347.05
348.46
350.15
352.16
354.46
356.96
359.92
363.01
366.35
369.86
373.62
377.44
381.38
385.37
389.36
393.34
397.36
401.22
404.96
408.49
411.88
414.94
417.74
420.24
422.41
424.22
425.64
426.67
427.29
427.47
427.25
426.61
425.57
424.15
422.3
420.18
417.67
414.84
411.74
408.38
404.82
401.11
397.25
393.32
389.21
385.27
381.28
377.36
373.57
369.85
366.34
363.04
359.95
357.1
354.47
352.25
350.27
348.59
347.27
346.12
345.36
344.87
344.66
344.68
344.97
345.51
346.22
347.1
348.16
349.2
350.4
351.64
352.91
354.13
355.37
356.54
357.59
358.54
359.37
360.02
360.55
360.92
361.14
361.16
361.04
360.76
360.34
359.81
359.17
358.44
357.66
356.86
356.06
355.31
354.61
354.03
353.59
353.31
353.29
353.48
353.97
354.77
355.91
357.41
359.25
361.51
364.16
367.18
370.75
374.65
378.97
383.65
388.74
394.14
399.86
405.88
412.12
418.55
425.23
431.96
438.74
445.51
452.29
458.89
465.33
471.55
477.49
483.1
488.29
493.06
497.35
501.07
504.21
506.73
508.61
509.83
510.37
510.22
509.36
507.74
505.41
502.38
498.67
494.31
489.33
483.74
477.59
470.89
463.71
456.1
448.13
439.83
431.28
422.52
413.62
404.6
395.56
386.55
377.61
368.81
360.18
351.78
343.65
335.83
328.36
321.25
314.54
308.23
302.35
296.89
291.85
287.32
283.18
279.46
276.13
273.19
270.59
268.31
266.33
264.63
263.14
261.85
260.7
259.65
258.67
257.72
256.77
255.76
254.67
253.46
252.1
250.57
248.84
246.89
244.69
242.21
239.48
236.48
233.2
229.66
225.83
221.74
217.4
212.81
208.01
203
197.83
192.52
187.08
181.59
175.95
170.31
164.67
159.06
153.5
148.03
142.67
137.44
132.38
127.49
122.82
118.37
114.14
110.16
106.43
102.97
99.772
96.847
94.182
91.772
89.609
87.684
85.983
84.493
83.212
82.113
81.172
80.37
79.685
79.103
78.599
78.153
77.748
77.361
76.966
76.558
76.112
75.618
75.05
74.427
73.701
72.88
71.963
70.94
69.808
68.577
67.241
65.808
64.25
62.627
60.915
59.132
57.297
55.397
53.467
51.512
49.538
47.566
45.605
43.68
41.791
39.952
38.181
36.466
34.847
33.316
31.882
30.549
29.323
28.206
27.2
26.307
25.534
24.863
24.3
23.837
23.467
23.184
22.983
22.857
22.797
22.792
22.83
22.901
22.999
23.112
23.234
23.347
23.452
23.535
23.591
23.616
23.596
23.531
23.42
23.254
23.03
22.744
22.41
22.018
21.574
21.07
20.534
19.943
19.309
18.642
17.946
17.226
16.493
15.75
15.004
14.253
13.522
12.804
12.108
11.441
10.805
10.208
9.652
9.1435
8.6839
8.2743
7.918
7.6133
7.3609
7.1609
7.0101
6.913
6.8623
6.8545
6.8856
6.9526
7.0514
7.1766
7.324
7.4899
7.6653
7.8485
8.0329
8.2144
8.3856
8.5488
8.6949
8.8163
8.9151
8.9872
9.0286
9.0422
9.024
8.9748
8.887
8.7681
8.6147
8.4312
8.2213
7.9817
7.7185
7.4354
7.133
6.8123
6.4781
6.1407
5.7982
5.4559
5.1193
4.7852
4.4638
4.1559
3.8657
3.5951
3.3467
3.1232
2.9253
2.7546
2.614
2.5019
2.42
2.3668
2.3417
2.3434
2.3712
2.423
2.4979
2.5938
2.7068
2.8338
2.9731
3.1215
3.2766
3.4336
3.5919
3.7458
3.8942
4.0329
4.1624
4.281
4.3836
4.4702
4.5367
4.5789
4.6042
4.6082
4.5919
4.552
4.4967
4.4208
4.3212
4.2031
4.0691
3.9194
3.7589
3.5874
3.4077
3.2185
3.0269
2.831
2.6356
2.4434
2.2548
2.0728
1.8996
1.7361
1.5842
1.445
1.321
1.2117
1.118
1.0408
0.97931
0.93445
0.90718
0.89558
0.89881
0.91612
0.94663
0.9889
1.0418
1.1042
1.1738
1.2497
1.3295
1.4121
1.495
1.5782
1.6592
1.7363
1.8067
1.8708
1.9262
1.9742
2.0128
2.0419
2.0591
2.067
2.0605
2.0432
2.016
1.978
1.93
1.8738
1.8093
1.737
1.6552
1.5702
1.4809
1.3892
1.2968
1.2028
1.1104
1.0199
0.93265
0.85019
0.77316
0.70312
0.6403
0.58551
0.53965
0.50237
0.47536
0.45788
0.45
0.45146
0.46212
0.48165
0.50952
0.54546
0.58808
0.6376
0.69194
0.7506
0.81281
0.87695
0.9431
1.0086
1.0727
1.1345
1.1936
1.2502
1.3017
1.3481
1.3894
1.4203
1.4449
1.4618
1.4713
1.4723
1.467
1.4543
1.4338
1.4034
1.3662
1.3218
1.273
1.2192
1.1614
1.099
1.0357
0.96777
0.899
0
