0.057471
0.059637
0.061359
0.062832
0.063592
0.064846
0.065099
0.064938
0.064066
0.06255
0.059577
0.056836
0.052902
0.048313
0.043479
0.038188
0.032369
0.027144
0.021822
0.016462
0.011837
0.0078611
0.0046282
0.0024801
0.0014292
0.0014606
0.0027598
0.0052293
0.0088346
0.013546
0.019427
0.026043
0.033563
0.041479
0.04967
0.057175
0.065689
0.07324
0.080406
0.08696
0.092579
0.098128
0.1006
0.1027
0.10345
0.10388
0.103
0.10196
0.099381
0.096794
0.093257
0.090675
0.087808
0.085653
0.083866
0.082686
0.082143
0.083319
0.085072
0.087817
0.091634
0.095588
0.10017
0.1056
0.11126
0.11656
0.1219
0.12526
0.1281
0.12974
0.13076
0.12971
0.12763
0.12315
0.11696
0.10854
0.10012
0.090022
0.079226
0.068045
0.0568
0.045503
0.035696
0.026893
0.019702
0.014672
0.011985
0.011893
0.014593
0.020133
0.028753
0.040154
0.053759
0.069595
0.087503
0.10701
0.12717
0.1485
0.16774
0.18649
0.20349
0.22038
0.23369
0.24529
0.25307
0.25796
0.25659
0.25638
0.25121
0.2436
0.23402
0.22232
0.20754
0.19552
0.18161
0.16778
0.15584
0.14502
0.13557
0.12958
0.126
0.12457
0.12659
0.13065
0.13738
0.14563
0.15498
0.16523
0.17648
0.18677
0.19617
0.20434
0.20921
0.212
0.21246
0.21007
0.20435
0.1961
0.18394
0.17017
0.15473
0.13905
0.12289
0.10753
0.093933
0.082937
0.075485
0.072384
0.074095
0.081392
0.094102
0.11272
0.13723
0.16771
0.20274
0.24287
0.28604
0.33076
0.37666
0.42459
0.47083
0.51373
0.55458
0.58765
0.61595
0.63958
0.65818
0.66802
0.67413
0.66874
0.65884
0.6428
0.62669
0.60489
0.58245
0.55855
0.53562
0.51248
0.49639
0.48244
0.47337
0.46971
0.4713
0.47732
0.49083
0.50835
0.52959
0.55432
0.58005
0.60558
0.63254
0.65782
0.67883
0.69748
0.70997
0.71715
0.72004
0.72006
0.71362
0.70528
0.69371
0.68114
0.66891
0.66178
0.6578
0.66074
0.67142
0.69201
0.72555
0.76847
0.82555
0.89578
0.97769
1.0709
1.1785
1.2863
1.4042
1.5243
1.648
1.7669
1.8862
1.9917
2.0882
2.1704
2.2463
2.3012
2.3436
2.3709
2.3808
2.3779
2.3703
2.3538
2.3315
2.3113
2.2912
2.2795
2.2799
2.2955
2.3282
2.3835
2.4579
2.5594
2.6849
2.8344
3.006
3.2025
3.4089
3.6344
3.8678
4.1148
4.3601
4.6096
4.8491
5.0807
5.2974
5.5166
5.7141
5.9016
6.0798
6.2436
6.4014
6.5662
6.7334
6.9079
7.1034
7.3092
7.5454
7.8127
8.1182
8.4606
8.8488
9.2625
9.7311
10.23
10.777
11.35
11.955
12.566
13.198
13.812
14.464
15.086
15.698
16.286
16.846
17.407
17.896
18.379
18.84
19.293
19.726
20.179
20.627
21.095
21.608
22.173
22.787
23.493
24.274
25.127
26.096
27.165
28.313
29.591
30.98
32.399
33.932
35.537
37.173
38.864
40.614
42.274
43.976
45.653
47.292
48.878
50.445
51.894
53.308
54.66
55.977
57.236
58.497
59.725
60.956
62.237
63.562
64.944
66.46
68.067
69.782
71.677
73.707
75.867
78.239
80.76
83.371
86.172
89.082
92.054
95.132
98.272
101.33
104.45
107.49
110.47
113.35
116.13
118.72
121.18
123.46
125.59
127.53
129.34
130.97
132.48
133.89
135.2
136.45
137.7
138.91
140.15
141.49
142.86
144.31
145.94
147.64
149.47
151.47
153.59
155.81
158.16
160.59
163.02
165.55
168.1
170.52
172.95
175.29
177.48
179.55
181.51
183.15
184.65
185.92
187.01
187.86
188.55
188.99
189.28
189.37
189.42
189.33
189.2
189.03
188.88
188.75
188.77
188.88
189.17
189.67
190.35
191.3
192.53
194.02
195.84
198.02
200.42
203.19
206.26
209.63
213.28
217.27
221.32
225.69
230.2
234.93
239.72
244.66
249.51
254.39
259.15
264.03
268.65
273.19
277.51
281.57
285.38
289.07
292.44
295.54
298.37
300.87
303.15
305.19
307.01
308.65
310.08
311.36
312.57
313.72
314.72
315.81
316.86
317.98
319.19
320.68
321.92
323.47
325.16
326.89
328.81
330.72
332.9
335.02
337.26
339.36
341.49
343.57
345.51
347.32
348.99
350.42
351.61
352.63
353.34
353.73
353.83
353.8
353.43
352.78
352
350.79
349.42
347.99
346.48
344.72
343.13
341.13
339.24
337.29
335.62
333.81
332.21
330.51
329.01
327.43
326.31
325.14
324.12
323.23
322.47
321.78
321.38
321.07
320.88
320.85
320.99
321.32
321.71
322.24
323.02
323.8
324.87
326.12
327.4
328.66
330.23
331.65
333.33
335.02
336.84
338.24
339.88
341.31
342.71
343.96
345.31
345.94
346.63
347.1
347.28
347.28
347.16
346.53
345.78
344.83
343.65
342.33
340.84
339.25
337.6
335.8
334.09
332.34
330.65
329
327.36
325.78
324.44
323.16
321.97
320.96
319.86
318.88
317.98
317.14
316.23
315.34
314.28
313.14
311.83
310.43
308.78
306.87
304.82
302.45
299.79
296.83
293.64
290.07
286.37
282.43
278.27
273.77
269.22
264.42
259.55
254.74
249.84
244.86
240
235.16
230.41
225.98
221.64
217.51
213.6
209.94
206.52
203.52
200.75
198.29
196.11
194.23
192.62
191.31
190.23
189.41
188.76
188.3
187.97
187.76
187.61
187.54
187.41
187.27
187.08
186.77
186.37
185.84
185.11
184.2
183.14
181.83
180.4
178.77
176.98
175
172.91
170.69
168.45
166.1
163.73
161.41
159.09
156.82
154.67
152.58
150.63
148.78
147.08
145.48
144.05
142.7
141.45
140.27
139.16
138.02
136.94
135.82
134.6
133.33
131.95
130.42
128.74
126.92
124.87
122.66
120.34
117.81
115.12
112.35
109.41
106.36
103.36
100.26
97.166
94.137
91.133
88.199
85.453
82.785
80.245
77.902
75.693
73.625
71.75
70
68.355
66.878
65.484
64.137
62.874
61.644
60.415
59.176
57.926
56.607
55.239
53.848
52.377
50.826
49.219
47.554
45.813
44.108
42.342
40.584
38.818
37.089
35.389
33.795
32.239
30.79
29.411
28.139
26.958
25.898
24.924
24.048
23.254
22.542
21.887
21.293
20.741
20.197
19.702
19.205
18.7
18.176
17.65
17.08
16.508
15.922
15.309
14.663
14.027
13.367
12.713
12.091
11.475
10.878
10.324
9.7991
9.3173
8.8997
8.5204
8.1894
7.9086
7.6709
7.4705
7.3167
7.189
7.0857
6.9945
6.9143
6.8291
6.749
6.6549
6.5534
6.4104
6.2555
6.0703
5.8641
5.64
5.3979
5.1206
4.8372
4.539
4.2327
3.9387
3.6465
3.3607
3.0905
2.8396
2.6102
2.4142
2.2416
2.098
1.9826
1.8941
1.8322
1.7944
1.7776
1.7794
1.7954
1.8214
1.8536
1.8893
1.9252
1.9616
1.9861
2.0053
2.0169
2.0168
2.0096
1.9969
1.9672
1.9308
1.8915
1.8405
1.7909
1.7408
1.6867
1.6291
1.5784
1.5253
1.4789
1.4326
1.3878
1.3521
1.3153
1.2775
1.2415
1.2049
1.1612
1.1251
1.081
1.0331
0.98022
0.92473
0.86129
0.80204
0.73527
0.66792
0.59748
0.52969
0.4623
0.40025
0.34258
0.29074
0.24595
0.21025
0.18334
0.1662
0.15855
0.16029
0.17204
0.1919
0.22017
0.2546
0.2938
0.33701
0.38176
0.42625
0.47082
0.51013
0.54741
0.57821
0.60344
0.61833
0.62838
0.62812
0.6238
0.61027
0.59227
0.56151
0.52963
0.49295
0.45439
0.41456
0.37644
0.33409
0.29582
0.26038
0.22804
0.20053
0.17762
0.15842
0.14396
0.13427
0.1287
0.12696
0.12818
0.13162
0.13642
0.14249
0.1483
0.15409
0.15861
0.16196
0.16226
0.16131
0.15777
0.15239
0.14501
0.13487
0.12498
0.11341
0.10152
0.089657
0.078664
0.06871
0.060714
0.054753
0.051357
0.050589
0.052599
0.057399
0.064965
0.075008
0.087611
0.10163
0.11719
0.13348
0.15017
0.16728
0.18414
0.19867
0.21213
0.22338
0.23074
0.23808
0.24224
0.24306
0.2408
0.23695
0.22876
0.22108
0.21003
0.19821
0.18373
0.16974
0.15452
0.14067
0.12648
0.11357
0.099754
0.087909
0.076973
0.067427
0.05914
0.052268
0.045715
0.040516
0.036105
0.0323
0.029163
0.026423
0.023749
0.021254
0.018871
0.016405
0.014054
0.011732
0.0095224
0.0075107
0.0058757
0.0047696
0.0042755
0.0047179
0.0061617
0.00879
0.012733
0.018077
0.024872
0.033258
0.043492
0.054375
0.066865
0.0806
0.095009
0.11047
0.12757
0.14279
0.15828
0.17385
0.18692
0.20022
0.21044
0.22146
0.23068
0.23895
0.2414
0.24313
0.24152
0.23804
0.23485
0.22945
0.22042
0.2111
0.19986
0.18537
0.17362
0.1602
0.14624
0.13206
0.11874
0.10466
0.093101
0.081131
0.070504
0.060177
0.051422
0.043357
0.03684
0.031064
0.026413
0.022105
0.018797
0.016022
0.013815
0.012039
0.0106
0.0092272
0.0080765
0.0069873
0.0059274
0.004944
0.0039714
0.0030069
0.0021112
0.0013175
0.00066444
0.00022325
3.9445e-05
0.00016821
0.00065594
0.0015512
0.002858
0.004653
0.0068588
0.0095374
0
