0.0016658
0.0016336
0.0015574
0.00139
0.0012555
0.0011503
0.0010494
0.0009856
0.0009238
0.00087056
0.00083058
0.00075424
0.00068115
0.00064081
0.00062245
0.00060953
0.00062311
0.00066721
0.00069863
0.0007044
0.00074774
0.00078185
0.00084199
0.00093436
0.0010437
0.0011668
0.0013231
0.0013644
0.0014305
0.0015204
0.0016458
0.0017628
0.0019471
0.00211
0.0022177
0.0022426
0.0023301
0.0023858
0.0025026
0.0026341
0.0027691
0.0030367
0.0030968
0.0030662
0.003091
0.0031777
0.0032291
0.003396
0.0035168
0.0036512
0.0036549
0.0036407
0.0035419
0.0035408
0.0035574
0.0035493
0.0036007
0.0037911
0.0036756
0.0035424
0.0035159
0.0034205
0.0033997
0.0034836
0.0035672
0.0036957
0.003757
0.0036019
0.0035342
0.0035579
0.0036531
0.0037488
0.00407
0.0043282
0.0043107
0.0043266
0.004507
0.004631
0.0049553
0.005285
0.0056834
0.006208
0.0064959
0.0065772
0.0068481
0.0072634
0.0076375
0.008152
0.0090733
0.0099023
0.010025
0.010524
0.010804
0.011253
0.012008
0.012861
0.013765
0.01522
0.015117
0.015226
0.015578
0.016298
0.016884
0.018116
0.019164
0.020037
0.019867
0.020375
0.020514
0.021202
0.02202
0.022795
0.023834
0.025285
0.024708
0.024588
0.025063
0.025197
0.025666
0.026909
0.028035
0.028467
0.028678
0.028143
0.028436
0.028978
0.029394
0.03014
0.032284
0.032479
0.031783
0.032001
0.031627
0.031566
0.032459
0.033173
0.033899
0.034624
0.033042
0.031787
0.031148
0.030961
0.030413
0.031053
0.031126
0.029753
0.027884
0.027
0.025512
0.024734
0.023844
0.022865
0.021953
0.020844
0.018632
0.016867
0.01546
0.013915
0.012532
0.011758
0.010815
0.0094113
0.008437
0.0073966
0.0065454
0.0060208
0.0056753
0.0053811
0.0055078
0.0055839
0.0059444
0.0067374
0.0080604
0.0096616
0.012053
0.014732
0.017879
0.020801
0.024493
0.028181
0.033126
0.039037
0.045851
0.054339
0.065562
0.07274
0.081033
0.090506
0.098432
0.10638
0.11529
0.12317
0.12978
0.13245
0.13243
0.13273
0.13264
0.13133
0.12759
0.12376
0.11549
0.1029
0.091711
0.081982
0.073079
0.06479
0.056971
0.050034
0.043046
0.038621
0.0369
0.038262
0.043896
0.053923
0.067493
0.087263
0.10801
0.12555
0.1453
0.16359
0.18134
0.20208
0.22453
0.24275
0.25554
0.25653
0.24874
0.23589
0.2213
0.20275
0.17872
0.15692
0.13493
0.11391
0.11167
0.12348
0.15104
0.20517
0.27846
0.3589
0.45893
0.54372
0.59953
0.64214
0.66206
0.65152
0.64347
0.65958
0.69509
0.79793
0.99001
1.2316
1.5269
1.862
2.1473
2.3971
2.6117
2.7976
3.008
3.376
3.9547
4.7552
5.8291
7.0781
8.2703
9.3474
10.363
11.26
12.235
13.612
15.362
17.423
19.767
21.917
23.377
24.387
24.986
25.398
26.089
27.25
28.303
29.086
29.116
28.143
26.346
24.235
22.37
21.472
21.925
23.698
26.591
30.041
33.232
35.535
36.592
36.195
35.044
34.107
33.878
34.619
36.037
37.583
38.725
39.352
39.572
39.702
40.592
42.488
45.583
49.617
53.563
56.113
56.466
54.697
51.533
48.408
46.562
46.87
49.768
54.843
60.709
65.74
68.603
68.552
66.233
63.189
60.665
60.573
63.212
67.895
73.614
78.812
82.002
82.325
80.367
77.228
75.084
75.491
78.446
83.55
89.733
95.566
99.525
100.54
98.821
95.454
92.614
91.683
93.465
97.998
104.25
110.81
116.41
120.21
121.66
121.29
120.01
118.55
118.08
118.86
120.55
122.96
125.91
128.99
132.16
135.62
138.89
142.14
145.1
147.14
148.28
148.94
149.32
149.93
151.62
154.65
158.72
163.91
169.07
173.36
176.57
178.63
179.61
180.76
182.4
184.56
187.57
190.74
193.39
195.05
195.53
195
194.08
193.81
194.39
196.32
199.87
204.23
209.43
215.05
220.57
226.19
232.06
237.46
242.07
245.4
246.55
245.66
243.74
241.5
240.15
240.85
244
249.06
255.44
261.65
265.93
268.23
268.7
268.05
268.07
270.1
274.04
280.16
286.66
291.79
294.41
293.72
290.49
286.35
283.35
282.96
286.01
291.95
299.35
306.67
312.35
315.41
315.89
315.39
314.95
315.28
316.93
319.17
321.14
322.14
321.55
320.32
319.78
320.9
324.46
330.46
337.69
344
347.91
348.55
346.47
343.94
343.32
346.21
353.63
364.88
376.92
386.54
390.91
388.69
380.82
369.88
359.08
351.61
348.5
349.19
351.72
353.14
352.12
348.15
342.75
338.58
338.68
344.2
354.22
365.92
375.08
377.78
371.46
356.95
338.8
322.58
313.21
313.34
323.17
339.9
358.56
373.23
377.99
372.59
359.34
343.42
330.76
324.54
326.95
336.55
349.41
360.77
366.65
365.76
359.35
350.77
343.61
341.62
345.05
352.1
359.76
364.2
363.38
356.82
346.85
337.44
331.89
332.68
339.62
350.79
362.9
372.2
376.05
372.7
364.67
354.59
345.31
338.87
335.52
334.24
333.17
331.24
327.28
321.86
316.74
313.46
312.86
315.09
319.13
322.35
323.05
320.23
314.17
306.61
299.68
295.4
294.98
298.79
304.48
310
313.38
313.12
309.16
302.89
295.91
290.12
286.66
284.96
284.07
282.98
280.23
275.63
270.08
264.3
259.86
257.65
257.51
258.64
260.13
260.61
258.97
255.38
250.67
245.73
241.8
239.52
238.6
238.73
238.98
238.11
236.08
233.01
229.34
225.96
223.59
222.22
221.64
221.5
220.51
218.39
215.13
210.65
205.67
200.95
196.57
192.69
189.4
186.14
182.7
179.51
176.47
173.7
171.77
170.57
169.66
169.02
168.34
166.93
165.01
162.45
159.4
156.47
153.9
151.54
149.53
147.84
146.02
144
142.19
140.04
137.88
135.78
133.36
130.69
128.03
125.31
122.72
120.71
119.09
117.93
117.29
116.51
115.02
112.78
109.5
105.69
102.18
99.444
97.604
96.953
96.961
96.778
95.828
93.543
89.948
85.794
82.019
79.353
78.399
79.42
81.469
83.53
84.505
83.318
80.018
75.275
70.149
65.958
63.782
63.659
65.167
67.512
69.299
69.368
67.541
63.675
58.88
54.495
51.262
49.536
49.318
50.022
50.832
51.17
50.433
48.694
46.532
44.579
43.186
42.561
42.509
42.491
42.169
41.43
40.107
38.492
36.93
35.725
35.163
35.221
35.381
35.148
34.268
32.539
30.247
27.938
25.929
24.735
24.463
24.867
25.729
26.67
27.297
27.383
26.905
26.19
25.507
25.128
25.204
25.281
25.127
24.531
23.129
21.072
18.928
16.693
14.752
13.23
11.867
10.654
9.5611
8.3094
7.089
6.0211
5.0524
4.3081
3.7942
3.3789
3.0659
2.7818
2.4364
2.0829
1.7364
1.3903
1.1205
0.90979
0.75705
0.6849
0.66127
0.64801
0.64198
0.6296
0.58629
0.53703
0.47791
0.39668
0.3249
0.26965
0.2157
0.18632
0.17697
0.18223
0.19567
0.22575
0.24474
0.26594
0.28896
0.30696
0.31952
0.33315
0.32522
0.30455
0.28246
0.25463
0.22678
0.20374
0.17832
0.15333
0.12944
0.10364
0.081676
0.066863
0.056236
0.050161
0.049854
0.053154
0.059266
0.066473
0.074644
0.083467
0.092149
0.10204
0.11426
0.12878
0.1405
0.14783
0.15434
0.15703
0.15821
0.1585
0.15897
0.15776
0.15452
0.14815
0.14411
0.14015
0.13536
0.12799
0.12173
0.11357
0.10316
0.093529
0.085797
0.07906
0.074178
0.069913
0.066742
0.064242
0.059048
0.054061
0.049373
0.045684
0.042404
0.040403
0.039011
0.038267
0.035453
0.034112
0.03266
0.032628
0.03299
0.033642
0.034156
0.035519
0.033884
0.033703
0.03362
0.033503
0.03338
0.034071
0.033997
0.034971
0.034258
0.033456
0.033078
0.033334
0.033322
0.03437
0.036276
0.03709
0.036621
0.036382
0.036222
0.0363
0.037609
0.038559
0.039918
0.040216
0.039104
0.037291
0.037258
0.036934
0.036645
0.03666
0.037332
0.037142
0.03439
0.033179
0.031763
0.030978
0.030747
0.03093
0.030313
0.02975
0.0277
0.026477
0.025621
0.025099
0.024271
0.02416
0.023802
0.022956
0.02164
0.020626
0.019624
0.018897
0.018317
0.018059
0.01803
0.017155
0.016065
0.014961
0.014241
0.01359
0.013283
0.013118
0.013109
0.012065
0.011325
0.010475
0.010047
0.0097526
0.0095571
0.0092936
0.009402
0.0085881
0.0081632
0.0078419
0.0075706
0.0073476
0.0073528
0.007221
0.0074252
0.0071154
0.0067873
0.0065729
0.0064884
0.0063847
0.0064742
0.0067347
0.0069247
0.0067186
0.0065712
0.0064999
0.0064883
0.0067257
0.0069651
0.0073063
0.0076038
0.0075127
0.0073212
0.0074624
0.0076175
0.0078052
0.008075
0.0085275
0.0086007
0.008559
0.0085274
0.0084464
0.0084905
0.0086737
0.0086855
0.0090475
0.009258
0.0088339
0.0085955
0.0084552
0.0084339
0.0083118
0.0083909
0.0084539
0.008409
0.0080217
0.0077661
0.0075139
0.0073289
0.0072438
0.0072475
0.0073314
0.0072151
0.0068619
0.0064639
0.0062465
0.0060445
0.0059568
0.0059552
0.0060363
0.0057234
0.0054255
0.0050916
0.0049102
0.0048
0.0047466
0.0046621
0.0047444
0.0044795
0.0042523
0.004075
0.0039362
0.0038107
0.0037758
0.0037238
0.0037986
0.003661
0.0034657
0.0033199
0.0032223
0.0031489
0.0031449
0.0032194
0.0033068
0.0032033
0.0030683
0.002989
0.002929
0.0029648
0.003016
0.003109
0.0032126
0.0031289
0.0029932
0
