0.11762
0.11913
0.11924
0.11901
0.11793
0.11724
0.11547
0.11358
0.11091
0.10785
0.10385
0.10043
0.096114
0.091589
0.086983
0.08204
0.076823
0.072127
0.067281
0.062372
0.057916
0.053574
0.049553
0.046061
0.043077
0.040516
0.038665
0.037409
0.036832
0.036959
0.037846
0.039416
0.041794
0.044788
0.048558
0.052881
0.058127
0.063754
0.070027
0.07668
0.083701
0.091686
0.098639
0.10624
0.11383
0.12164
0.12895
0.13681
0.1432
0.14953
0.1549
0.16052
0.16472
0.16883
0.17172
0.17343
0.17418
0.17512
0.17426
0.17265
0.17052
0.16668
0.16226
0.15765
0.15233
0.14619
0.14004
0.13263
0.12527
0.11781
0.11064
0.1033
0.096393
0.089586
0.083351
0.07763
0.072848
0.068759
0.065587
0.063396
0.062247
0.062187
0.063445
0.065832
0.069465
0.074234
0.080082
0.086989
0.095187
0.1042
0.11418
0.12512
0.1362
0.14781
0.16015
0.17279
0.18522
0.19836
0.20984
0.22125
0.23196
0.24296
0.25226
0.26136
0.26848
0.27462
0.27811
0.28256
0.28429
0.28493
0.28409
0.28157
0.27669
0.27277
0.26626
0.25846
0.25029
0.2408
0.23028
0.22025
0.20981
0.19875
0.18841
0.17817
0.16862
0.15992
0.15223
0.14578
0.14087
0.13767
0.13636
0.13705
0.13982
0.14479
0.15206
0.16152
0.17338
0.188
0.20417
0.22283
0.24367
0.2664
0.29074
0.31769
0.34412
0.37249
0.40127
0.43167
0.46135
0.49241
0.52162
0.55038
0.57745
0.6059
0.63083
0.65511
0.67752
0.69647
0.71299
0.72967
0.74286
0.75286
0.7621
0.76628
0.76872
0.76999
0.7698
0.76665
0.76388
0.75715
0.75036
0.74271
0.73638
0.72908
0.72318
0.71751
0.71351
0.71078
0.71186
0.71473
0.72092
0.73029
0.74319
0.75953
0.78133
0.80696
0.83731
0.87237
0.91116
0.95402
1.0028
1.0552
1.1112
1.1728
1.235
1.3004
1.3691
1.4415
1.5133
1.5892
1.6617
1.7349
1.8051
1.8809
1.9502
2.0199
2.085
2.1473
2.2119
2.2607
2.3107
2.3569
2.4005
2.4377
2.4755
2.5017
2.5273
2.5476
2.5693
2.5855
2.6026
2.6162
2.6294
2.6423
2.6608
2.6791
2.7021
2.7297
2.7613
2.7998
2.8477
2.9026
2.9685
3.046
3.1323
3.2317
3.3447
3.4704
3.6101
3.7666
3.9318
4.1146
4.3112
4.5243
4.7487
4.9912
5.2385
5.501
5.7699
6.0603
6.3516
6.6566
6.9635
7.2738
7.5823
7.9127
8.2315
8.5543
8.879
9.1912
9.4979
9.8147
10.124
10.422
10.725
11.004
11.279
11.551
11.828
12.088
12.353
12.601
12.85
13.089
13.351
13.601
13.861
14.121
14.392
14.66
14.97
15.282
15.616
15.971
16.348
16.761
17.19
17.655
18.16
18.705
19.281
19.909
20.569
21.269
22.019
22.824
23.658
24.556
25.496
26.461
27.48
28.555
29.651
30.801
32.005
33.194
34.437
35.718
37.018
38.339
39.716
41.036
42.401
43.772
45.167
46.544
47.956
49.314
50.683
52.025
53.407
54.738
56.084
57.397
58.685
59.953
61.256
62.51
63.769
65.027
66.248
67.475
68.726
69.973
71.23
72.519
73.79
75.103
76.448
77.836
79.26
80.742
82.247
83.833
85.473
87.197
88.984
90.86
92.794
94.823
96.926
99.153
101.45
103.86
106.34
108.91
111.56
114.34
117.17
120.12
123.14
126.2
129.33
132.55
135.83
139.16
142.54
145.89
149.34
152.78
156.18
159.62
163.07
166.44
169.83
173.2
176.43
179.65
182.83
185.92
188.94
191.92
194.71
197.45
200.1
202.65
205.08
207.45
209.66
211.78
213.79
215.72
217.51
219.24
220.85
222.38
223.83
225.21
226.49
227.73
228.9
230.03
231.11
232.16
233.18
234.19
235.16
236.16
237.16
238.18
239.18
240.24
241.29
242.41
243.57
244.79
246.01
247.31
248.64
250.04
251.5
253.03
254.57
256.18
257.85
259.55
261.31
263.11
264.95
266.8
268.71
270.64
272.56
274.5
276.46
278.42
280.38
282.36
284.25
286.15
288
289.9
291.71
293.53
295.25
296.94
298.46
300.17
301.69
303.2
304.64
305.98
307.46
308.55
309.74
310.84
311.98
312.96
314.05
314.89
315.72
316.44
317.32
317.99
318.73
319.38
319.9
320.38
321
321.47
321.93
322.46
322.75
323.08
323.47
323.82
324.11
324.52
324.68
324.91
325.12
325.38
325.56
325.79
325.91
326.05
326.13
326.29
326.38
326.47
326.52
326.56
326.57
326.59
326.58
326.55
326.51
326.46
326.4
326.29
326.18
326.06
325.88
325.75
325.61
325.42
325.18
324.99
324.66
324.47
324.22
323.98
323.59
323.29
322.87
322.53
322.14
321.87
321.27
320.81
320.28
319.72
319.17
318.72
317.92
317.22
316.52
315.66
314.87
314.11
313.1
312.06
311.09
309.87
308.76
307.48
306.17
304.91
303.57
302.04
300.56
298.97
297.26
295.67
293.97
292.17
290.35
288.5
286.54
284.68
282.75
280.78
278.79
276.8
274.79
272.82
270.84
268.88
266.92
265
263.11
261.25
259.43
257.64
255.91
254.24
252.61
251.05
249.52
248.04
246.65
245.31
244
242.79
241.58
240.42
239.32
238.27
237.23
236.25
235.25
234.27
233.29
232.35
231.38
230.39
229.39
228.34
227.25
226.13
224.95
223.69
222.38
221
219.54
217.97
216.33
214.56
212.71
210.78
208.75
206.58
204.32
201.95
199.45
196.91
194.26
191.51
188.62
185.68
182.64
179.59
176.41
173.15
169.94
166.63
163.27
159.92
156.54
153.1
149.76
146.39
143.02
139.69
136.39
133.11
129.93
126.79
123.69
120.66
117.72
114.83
112.04
109.34
106.71
104.15
101.72
99.336
97.053
94.869
92.75
90.707
88.759
86.863
85.042
83.314
81.63
79.997
78.424
76.893
75.387
73.962
72.547
71.164
69.79
68.448
67.098
65.792
64.483
63.196
61.862
60.562
59.237
57.922
56.614
55.312
53.954
52.623
51.275
49.912
48.582
47.249
45.89
44.538
43.202
41.845
40.549
39.249
37.969
36.681
35.438
34.201
33.024
31.86
30.754
29.638
28.585
27.561
26.588
25.654
24.782
23.911
23.109
22.343
21.622
20.947
20.302
19.71
19.153
18.631
18.141
17.691
17.261
16.866
16.499
16.153
15.819
15.515
15.217
14.93
14.667
14.406
14.143
13.89
13.638
13.371
13.129
12.873
12.61
12.339
12.067
11.773
11.5
11.206
10.911
10.594
10.283
9.9558
9.638
9.3139
8.9954
8.6506
8.3218
7.9868
7.6571
7.3366
7.0232
6.7014
6.3959
6.096
5.8029
5.5289
5.2646
5.0076
4.7639
4.5347
4.316
4.1187
3.9327
3.7612
3.6007
3.4559
3.3232
3.206
3.1
3.0083
2.9237
2.8513
2.7872
2.7324
2.6849
2.6456
2.6078
2.5769
2.5492
2.5234
2.5007
2.4804
2.4562
2.4324
2.4091
2.3803
2.3529
2.3236
2.289
2.249
2.2094
2.1623
2.1158
2.0631
2.0058
1.9519
1.893
1.8295
1.7661
1.7011
1.6311
1.568
1.5017
1.4357
1.3702
1.3073
1.2439
1.1869
1.1309
1.0786
1.0284
0.98315
0.94074
0.90347
0.87023
0.84136
0.81592
0.79548
0.77857
0.76561
0.75665
0.75105
0.7479
0.74785
0.75044
0.75433
0.76106
0.7688
0.77684
0.78519
0.79434
0.80127
0.81018
0.81702
0.82279
0.82546
0.82777
0.82621
0.82492
0.82033
0.81467
0.80273
0.79076
0.77528
0.75825
0.73946
0.72034
0.69478
0.66967
0.64297
0.61423
0.5861
0.55793
0.52708
0.49679
0.4674
0.4369
0.40885
0.38166
0.35527
0.32973
0.3066
0.28467
0.26548
0.24818
0.23337
0.22006
0.20946
0.201
0.19485
0.19081
0.18882
0.18915
0.19116
0.19482
0.1999
0.20636
0.21349
0.22228
0.23139
0.24115
0.25061
0.26048
0.2695
0.27895
0.28782
0.29633
0.30241
0.30835
0.31253
0.31549
0.31816
0.3194
0.31795
0.31588
0.31208
0.30575
0.30019
0.29279
0.2837
0.27349
0.26283
0.25013
0.23863
0.22576
0.21274
0.19879
0.18546
0.1717
0.15897
0.14636
0.13465
0.12278
0.11225
0.10245
0.093741
0.08613
0.079695
0.074104
0.069954
0.066946
0.065105
0.064415
0.064826
0.066245
0.068625
0.071967
0.076065
0.080979
0.086507
0.092472
0.098706
0.10541
0.11193
0.1189
0.12561
0.13231
0.1381
0.14399
0.14908
0.15393
0.15822
0.1625
0.16427
0.16618
0.16726
0.16737
0.16712
0.16677
0.1641
0.16129
0.15803
0.15339
0.14895
0.14321
0.13784
0.1322
0.12631
0.11928
0.11277
0.10581
0.09887
0.092562
0.086216
0.079708
0.073731
0.067975
0.062304
0.057533
0.052979
0.048784
0.045024
0.041768
0.038801
0.036535
0.034578
0.033037
0.031785
0.030931
0.030295
0.03002
0.029924
0.030062
0.030192
0.030488
0.030769
0.031088
0.031408
0.031712
0.031739
0.03172
0.03153
0.03111
0.030658
0.030035
0.029122
0.028073
0.026933
0.025493
0.024116
0.022623
0.021071
0.019457
0.017937
0.016444
0.015115
0.013938
0.012994
0
