0.094165
0.091447
0.087714
0.083839
0.079522
0.076031
0.072135
0.068607
0.065186
0.062106
0.059044
0.057207
0.055507
0.054362
0.053846
0.053767
0.05403
0.055277
0.056837
0.05865
0.061052
0.063421
0.065831
0.068623
0.071517
0.073934
0.07656
0.078255
0.079522
0.080262
0.081069
0.080701
0.080035
0.07849
0.076143
0.072521
0.069366
0.065036
0.060279
0.055245
0.04978
0.044301
0.038477
0.032861
0.027432
0.022591
0.018248
0.014556
0.011823
0.010033
0.009368
0.0099512
0.011812
0.015052
0.019622
0.025526
0.032785
0.041561
0.051345
0.062464
0.074708
0.087176
0.1005
0.1148
0.12927
0.1438
0.15898
0.17179
0.1848
0.19717
0.2093
0.21966
0.23008
0.23704
0.24299
0.24627
0.25003
0.25091
0.25093
0.2486
0.24493
0.23852
0.23321
0.22542
0.21678
0.20774
0.19775
0.18692
0.17744
0.16772
0.15777
0.14905
0.14067
0.1331
0.12697
0.12222
0.11836
0.11623
0.11521
0.11555
0.11715
0.12035
0.12434
0.12961
0.13538
0.14194
0.14842
0.15622
0.16347
0.17079
0.17771
0.18404
0.18887
0.1947
0.19858
0.2013
0.20348
0.20418
0.20328
0.20269
0.20108
0.19795
0.19502
0.19116
0.18751
0.18371
0.17998
0.17675
0.17478
0.17348
0.17358
0.17526
0.17795
0.18252
0.1891
0.1973
0.20734
0.21999
0.23278
0.24777
0.26414
0.2818
0.29998
0.31995
0.33791
0.35671
0.37419
0.39222
0.408
0.42335
0.43554
0.44583
0.45272
0.45941
0.4618
0.46188
0.45948
0.45368
0.44504
0.43591
0.42447
0.41064
0.39658
0.38111
0.36556
0.35082
0.3374
0.32503
0.3151
0.3078
0.30375
0.30334
0.30705
0.315
0.32777
0.34473
0.36677
0.39362
0.42559
0.46139
0.50184
0.54504
0.59122
0.63864
0.69077
0.74198
0.7937
0.84551
0.89438
0.94005
0.98643
1.0291
1.0658
1.1006
1.1273
1.1488
1.1663
1.1817
1.1889
1.1944
1.1936
1.1892
1.1809
1.1756
1.1668
1.1592
1.1531
1.1494
1.1512
1.1561
1.1686
1.1887
1.2172
1.2548
1.3041
1.3608
1.4301
1.5113
1.6042
1.7064
1.8226
1.9443
2.0748
2.213
2.3625
2.5119
2.6697
2.8283
2.9817
3.1354
3.2925
3.4412
3.5847
3.7259
3.8463
3.962
4.0709
4.1714
4.2584
4.3432
4.4042
4.4622
4.5104
4.5597
4.5997
4.6412
4.6773
4.7175
4.7589
4.8157
4.8782
4.9553
5.0458
5.1532
5.2796
5.432
5.6059
5.8086
6.0365
6.2869
6.5655
6.8748
7.2077
7.568
7.9585
8.357
8.781
9.2233
9.6862
10.156
10.646
11.121
11.61
12.087
12.586
13.065
13.547
14.008
14.463
14.884
15.339
15.759
16.173
16.579
16.975
17.387
17.769
18.167
18.575
19.004
19.441
19.917
20.409
20.932
21.503
22.126
22.785
23.517
24.302
25.133
26.041
27.022
28.05
29.166
30.363
31.58
32.884
34.255
35.666
37.137
38.685
40.197
41.781
43.389
45.023
46.656
48.331
49.945
51.572
53.171
54.792
56.352
57.92
59.432
60.905
62.346
63.801
65.19
66.581
67.953
69.282
70.622
71.98
73.336
74.725
76.152
77.584
79.093
80.662
82.293
84.016
85.83
87.702
89.713
91.83
94.045
96.379
98.846
101.38
104.05
106.82
109.71
112.67
115.75
118.86
122.03
125.25
128.53
131.8
135.12
138.4
141.62
144.81
147.96
151.05
154.06
156.99
159.74
162.44
165.01
167.39
169.68
171.86
173.86
175.77
177.54
179.15
180.68
182.11
183.43
184.68
185.85
186.98
188.06
189.13
190.16
191.21
192.27
193.38
194.52
195.77
197.01
198.36
199.8
201.32
202.94
204.7
206.49
208.38
210.42
212.51
214.68
216.94
219.27
221.61
224.05
226.51
228.93
231.4
233.86
236.29
238.68
241.08
243.3
245.51
247.59
249.67
251.58
253.43
255.11
256.68
258.05
259.48
260.67
261.77
262.76
263.59
264.25
264.97
265.57
266.02
266.49
266.81
267.06
267.36
267.68
267.92
268.27
268.56
268.91
269.3
269.88
270.48
271.23
272.07
273.06
274.18
275.58
277.1
278.85
280.78
282.95
285.37
288
290.91
294.12
297.55
301.24
305.23
309.47
313.95
318.79
323.81
329.06
334.62
340.36
346.29
352.5
358.8
365.19
371.85
378.53
385.24
392.07
398.89
405.59
412.35
418.97
425.39
431.7
437.84
443.65
449.25
454.55
459.45
464.01
468.18
471.86
475.12
477.92
480.2
481.99
483.29
484
484.17
483.8
482.91
481.5
479.57
477.12
474.23
470.78
466.9
462.64
457.94
452.87
447.52
441.79
435.82
429.69
423.25
416.67
410.01
403.21
396.34
389.55
382.69
375.86
369.16
362.54
355.98
349.68
343.5
337.48
331.72
326.21
320.84
315.82
311.04
306.47
302.21
298.23
294.44
291.01
287.85
284.9
282.23
279.81
277.6
275.62
273.89
272.33
270.96
269.82
268.81
267.94
267.2
266.58
265.99
265.64
265.29
265
264.7
264.46
264.15
263.97
263.7
263.46
263.04
262.64
262.11
261.56
260.93
260.26
259.33
258.37
257.28
256.06
254.8
253.43
251.86
250.22
248.48
246.59
244.71
242.72
240.64
238.48
236.29
234.03
231.82
229.55
227.29
225.03
222.8
220.59
218.45
216.34
214.28
212.32
210.43
208.59
206.86
205.18
203.56
202.06
200.63
199.22
197.91
196.63
195.37
194.16
192.97
191.75
190.54
189.31
188.02
186.68
185.3
183.81
182.24
180.61
178.82
176.91
174.94
172.82
170.54
168.19
165.68
163
160.33
157.48
154.51
151.47
148.36
145.12
141.93
138.66
135.34
132.01
128.72
125.4
122.15
118.96
115.8
112.71
109.75
106.82
104.01
101.34
98.736
96.257
93.92
91.653
89.525
87.526
85.606
83.783
82.076
80.429
78.853
77.378
75.939
74.544
73.192
71.868
70.54
69.258
67.963
66.673
65.338
64.011
62.636
61.256
59.86
58.445
56.955
55.471
53.943
52.388
50.858
49.307
47.725
46.148
44.581
43
41.494
39.988
38.518
37.063
35.665
34.3
33.02
31.774
30.609
29.47
28.41
27.402
26.469
25.588
24.78
23.999
23.288
22.617
21.993
21.412
20.846
20.336
19.843
19.367
18.897
18.451
17.992
17.551
17.116
16.675
16.21
15.758
15.282
14.795
14.326
13.838
13.332
12.831
12.323
11.798
11.309
10.808
10.312
9.8261
9.355
8.8884
8.4617
8.0443
7.6517
7.2783
6.9347
6.6121
6.3235
6.0598
5.8231
5.6112
5.4277
5.2647
5.1259
5.0082
4.9082
4.8213
4.7496
4.6883
4.6333
4.5882
4.5455
4.5006
4.4537
4.4062
4.3465
4.2901
4.2224
4.147
4.0556
3.9609
3.8506
3.7401
3.6168
3.4923
3.3467
3.2044
3.0552
2.9064
2.7569
2.6139
2.4596
2.3162
2.1773
2.0444
1.9214
1.8085
1.7008
1.6047
1.52
1.4462
1.3848
1.3337
1.2927
1.261
1.239
1.225
1.2192
1.2193
1.2239
1.2342
1.2466
1.2595
1.2733
1.2867
1.2947
1.3061
1.3113
1.312
1.3071
1.2986
1.2806
1.2647
1.239
1.2097
1.1719
1.1326
1.0865
1.0408
0.99198
0.94273
0.88718
0.83458
0.78099
0.72903
0.68024
0.63367
0.58826
0.5474
0.51014
0.4767
0.44866
0.42452
0.4045
0.38872
0.37709
0.36899
0.36527
0.36436
0.36615
0.36975
0.37535
0.38167
0.38936
0.39701
0.40512
0.41102
0.41678
0.42083
0.42361
0.42487
0.42542
0.42135
0.41642
0.40978
0.40081
0.39131
0.38112
0.36825
0.35499
0.34202
0.3277
0.3149
0.30267
0.29096
0.27978
0.27075
0.26265
0.25697
0.25309
0.25144
0.25067
0.25247
0.25568
0.26067
0.26715
0.27355
0.28324
0.29238
0.30182
0.31079
0.31996
0.32665
0.33565
0.34153
0.34647
0.3478
0.34859
0.34561
0.34249
0.33703
0.33014
0.31767
0.30495
0.28925
0.27201
0.25473
0.236
0.21472
0.19382
0.17205
0.14944
0.12899
0.10865
0.089059
0.070826
0.054397
0.039543
0.027314
0.017119
0.0093905
0.0041464
0.0014999
0.0014666
0.0038783
0.0087564
0.015942
0.025271
0.036459
0.049311
0.063607
0.079121
0.095928
0.11253
0.12935
0.14631
0.16237
0.17863
0.19454
0.20811
0.22055
0.23262
0.24038
0.24861
0.25502
0.25914
0.26033
0.26134
0.25883
0.25671
0.25178
0.24653
0.23731
0.22893
0.21883
0.20871
0.19799
0.18841
0.17486
0.16314
0.15151
0.13988
0.12908
0.1195
0.10873
0.099234
0.090689
0.082318
0.07515
0.068244
0.062439
0.057299
0.05275
0.048368
0.044786
0.041432
0.038449
0.035954
0.033602
0.031276
0.029176
0.027106
0.024974
0.023089
0.02113
0.019163
0.017231
0.015374
0.013569
0.011967
0.010521
0.009322
0.0084144
0.0078665
0.0077495
0.0080773
0.0089368
0.010405
0.012499
0.015215
0.018579
0.02262
0.027341
0.032828
0.038707
0.045195
0.052207
0.059437
0.067394
0.075742
0.083833
0.092043
0.10069
0.10788
0.11603
0.12359
0.13055
0.13632
0.14229
0.14641
0.15136
0.1542
0.15694
0
