0.0009279
0.00093864
0.0009504
0.00095464
0.00096042
0.0009682
0.00097758
0.00098871
0.0010014
0.0010161
0.0010309
0.0010386
0.0010479
0.0010587
0.0010712
0.0010854
0.0011012
0.0011185
0.0011343
0.0011438
0.0011545
0.0011666
0.0011801
0.0011947
0.0012111
0.0012288
0.0012441
0.0012527
0.0012623
0.0012739
0.0012868
0.0013011
0.0013169
0.001334
0.001348
0.0013562
0.001366
0.0013773
0.0013905
0.0014059
0.0014231
0.0014424
0.001457
0.0014671
0.0014796
0.0014941
0.0015109
0.0015297
0.0015512
0.0015752
0.0015932
0.0016079
0.0016247
0.001644
0.0016657
0.0016898
0.0017162
0.0017444
0.0017659
0.0017843
0.0018049
0.0018276
0.0018522
0.0018794
0.0019087
0.00194
0.0019613
0.0019803
0.0020023
0.002026
0.0020517
0.0020796
0.0021095
0.0021423
0.0021626
0.0021826
0.0022049
0.0022296
0.0022576
0.0022881
0.0023215
0.0023577
0.00238
0.0024045
0.0024321
0.0024631
0.002497
0.0025352
0.0025773
0.0026226
0.0026523
0.0026852
0.0027227
0.002764
0.002809
0.0028582
0.0029105
0.0029659
0.0030052
0.0030483
0.003095
0.0031448
0.0031993
0.0032573
0.0033189
0.0033796
0.0034238
0.0034729
0.0035248
0.0035802
0.0036388
0.0037009
0.0037677
0.0038304
0.0038785
0.0039299
0.0039851
0.0040454
0.0041094
0.0041781
0.0042493
0.0043186
0.0043739
0.004434
0.0044994
0.0045695
0.004646
0.0047288
0.0048173
0.0048984
0.0049668
0.0050453
0.0051287
0.0052183
0.0053147
0.0054165
0.0055269
0.0056253
0.0057149
0.00581
0.0059108
0.0060208
0.0061356
0.0062567
0.006384
0.0064929
0.0065963
0.0067043
0.0068181
0.0069357
0.0070608
0.0071926
0.0073293
0.0074432
0.0075505
0.0076636
0.007784
0.0079099
0.0080427
0.008179
0.0083277
0.0084468
0.0085645
0.0086903
0.0088225
0.008965
0.0091167
0.0092775
0.0094487
0.0095835
0.0097301
0.0098843
0.010049
0.010225
0.010411
0.010611
0.010821
0.010994
0.011176
0.011368
0.011576
0.011794
0.012023
0.012264
0.012512
0.012722
0.012941
0.013171
0.01341
0.013661
0.013926
0.014199
0.014475
0.014707
0.014951
0.015207
0.015473
0.015751
0.016035
0.016338
0.016635
0.016894
0.017165
0.017447
0.017746
0.01806
0.018389
0.018735
0.019068
0.019378
0.019702
0.020045
0.020401
0.020783
0.021192
0.021618
0.022033
0.022422
0.02283
0.023269
0.023728
0.024211
0.024707
0.025247
0.025762
0.026255
0.026773
0.027311
0.027876
0.028469
0.029084
0.029726
0.030318
0.030924
0.031542
0.032184
0.032851
0.033536
0.034256
0.035002
0.035701
0.036389
0.037094
0.037851
0.038625
0.039429
0.040265
0.041123
0.04194
0.042755
0.043605
0.044482
0.045402
0.046372
0.047375
0.048421
0.049398
0.050391
0.051442
0.052534
0.053676
0.054848
0.056099
0.057398
0.058611
0.059871
0.061178
0.062546
0.063979
0.065469
0.067025
0.068611
0.070154
0.071742
0.073396
0.075122
0.076906
0.07878
0.080728
0.082735
0.084661
0.086645
0.088755
0.090932
0.093199
0.095557
0.098
0.10052
0.10297
0.10552
0.10816
0.11091
0.1138
0.11678
0.11988
0.12302
0.12611
0.12934
0.13268
0.13614
0.1397
0.14342
0.14727
0.15115
0.15498
0.15889
0.16307
0.16731
0.1717
0.17623
0.18085
0.18556
0.19023
0.19506
0.19999
0.20512
0.21048
0.21598
0.22166
0.22736
0.23305
0.23904
0.24521
0.25163
0.2582
0.26518
0.27242
0.27969
0.28714
0.2949
0.30301
0.31153
0.32042
0.32974
0.33933
0.34938
0.35968
0.37047
0.38181
0.39366
0.40616
0.41929
0.43306
0.44712
0.46165
0.4772
0.49338
0.51036
0.52816
0.54675
0.56636
0.58636
0.60726
0.62905
0.65188
0.67594
0.70097
0.72712
0.7544
0.78224
0.81142
0.84178
0.87344
0.90623
0.94067
0.97651
1.0137
1.0517
1.0911
1.1322
1.1749
1.2191
1.2651
1.3124
1.3619
1.4122
1.4644
1.5183
1.574
1.6317
1.6913
1.7527
1.8159
1.8801
1.9469
2.0153
2.0856
2.1579
2.2322
2.3086
2.3866
2.466
2.5471
2.6302
2.7156
2.8026
2.8916
2.9812
3.0745
3.1681
3.2634
3.3604
3.4589
3.5594
3.6617
3.7655
3.8703
3.9751
4.0836
4.1926
4.3031
4.4149
4.5278
4.6427
4.7581
4.8742
4.9912
5.1094
5.2299
5.3508
5.4727
5.5955
5.7183
5.8424
5.9669
6.0922
6.2175
6.3444
6.472
6.5996
6.727
6.8543
6.9818
7.1099
7.2378
7.3657
7.4925
7.6209
7.7475
7.8735
7.9991
8.1238
8.2483
8.372
8.4948
8.6166
8.7358
8.8556
8.9735
9.09
9.2052
9.3188
9.4314
9.5422
9.6508
9.7575
9.8623
9.9662
10.068
10.167
10.265
10.36
10.454
10.545
10.633
10.72
10.804
10.886
10.966
11.043
11.117
11.188
11.258
11.324
11.388
11.449
11.507
11.563
11.615
11.664
11.71
11.753
11.794
11.831
11.865
11.895
11.923
11.947
11.968
11.985
12
12.011
12.019
12.023
12.024
12.022
12.017
12.008
11.996
11.981
11.962
11.94
11.915
11.887
11.856
11.822
11.784
11.744
11.701
11.655
11.604
11.552
11.497
11.439
11.378
11.314
11.248
11.179
11.107
11.032
10.955
10.875
10.793
10.708
10.621
10.531
10.439
10.345
10.249
10.151
10.05
9.9472
9.8428
9.7361
9.6279
9.5175
9.4057
9.2925
9.1787
9.0622
8.9449
8.8259
8.7059
8.585
8.4632
8.3403
8.217
8.093
7.9695
7.8428
7.7166
7.5901
7.4634
7.3368
7.2099
7.0829
6.956
6.8286
6.7019
6.5741
6.4473
6.321
6.1951
6.07
5.9448
5.8197
5.6952
5.5719
5.4493
5.327
5.206
5.086
4.9667
4.8482
4.7304
4.6141
4.499
4.3858
4.2732
4.1623
4.0526
3.9439
3.8368
3.7315
3.6277
3.5258
3.4255
3.3277
3.2304
3.1348
3.0411
2.9499
2.8602
2.7719
2.686
2.6022
2.5197
2.4393
2.3602
2.2834
2.2085
2.1363
2.065
1.9958
1.9282
1.8622
1.7981
1.736
1.6756
1.6171
1.5603
1.5061
1.4518
1.3995
1.3491
1.3003
1.2533
1.2079
1.164
1.1217
1.0805
1.041
1.0023
0.96536
0.92991
0.8958
0.8633
0.83189
0.80129
0.77192
0.74391
0.71709
0.69121
0.66662
0.64312
0.62059
0.59882
0.57782
0.55785
0.53878
0.52077
0.50341
0.48687
0.47112
0.45567
0.44091
0.427
0.41361
0.40088
0.38872
0.3773
0.36606
0.3551
0.34464
0.3346
0.32506
0.31597
0.30722
0.29884
0.29069
0.28275
0.27493
0.26751
0.26037
0.25345
0.24693
0.2406
0.23438
0.22817
0.2222
0.21649
0.2109
0.20555
0.20039
0.19534
0.19051
0.18559
0.18085
0.17626
0.17188
0.16763
0.16351
0.15956
0.1556
0.15178
0.14788
0.14422
0.14069
0.13727
0.13403
0.13085
0.12765
0.12448
0.12145
0.11853
0.11564
0.11289
0.11024
0.10766
0.1051
0.10249
0.099998
0.097588
0.095307
0.093048
0.090862
0.088774
0.086604
0.084462
0.08244
0.080449
0.078538
0.076691
0.074966
0.073217
0.071419
0.069672
0.067981
0.066365
0.064823
0.063322
0.061885
0.060498
0.059073
0.057631
0.056275
0.054975
0.053714
0.052537
0.051395
0.050292
0.049115
0.04799
0.046926
0.045875
0.044883
0.043933
0.043005
0.042146
0.041191
0.040281
0.039405
0.038577
0.037773
0.036994
0.036254
0.035516
0.034711
0.033976
0.033245
0.032544
0.031865
0.031232
0.0306
0.029969
0.029299
0.028648
0.028023
0.027441
0.026868
0.026319
0.025787
0.025265
0.024689
0.024147
0.023627
0.02312
0.022653
0.022208
0.021778
0.021332
0.020867
0.020438
0.020016
0.01962
0.019244
0.018908
0.018559
0.018201
0.017837
0.017491
0.017167
0.016863
0.01657
0.016296
0.016036
0.015768
0.015464
0.015188
0.014927
0.014676
0.014446
0.014222
0.01401
0.013765
0.013519
0.013288
0.013053
0.012835
0.012625
0.01242
0.012236
0.012004
0.011774
0.011553
0.011344
0.011139
0.010938
0.010748
0.010566
0.010341
0.010133
0.0099246
0.0097265
0.0095357
0.0093601
0.0091832
0.0090162
0.0088169
0.0086255
0.0084434
0.008276
0.0081129
0.0079598
0.0078143
0.0076816
0.0075129
0.0073583
0.0072132
0.0070747
0.0069492
0.0068325
0.0067223
0.006614
0.0064859
0.0063704
0.0062564
0.0061527
0.0060561
0.005963
0.0058847
0.0057993
0.0056978
0.0056021
0.0055134
0.0054306
0.0053506
0.0052769
0.0052076
0.0051276
0.0050436
0.0049579
0.0048769
0.0047991
0.0047277
0.0046577
0.0045912
0.004516
0.0044286
0.0043434
0.004268
0.004192
0.0041196
0.0040494
0.0039865
0.0039093
0.0038259
0.0037462
0.0036722
0.0036002
0.0035298
0.0034648
0.0034035
0.0033311
0.003258
0.0031859
0.0031187
0.0030553
0.0029985
0.0029415
0.0028892
0.0028276
0.0027645
0.0027053
0.0026515
0.0026
0.0025525
0.0025084
0.0024706
0.002418
0.0023676
0.0023208
0.0022768
0.0022371
0.0022004
0.0021661
0.0021349
0.0020927
0.0020533
0.002014
0.0019785
0.0019457
0.0019144
0.0018875
0.0018615
0.0018243
0.0017889
0.0017562
0.0017257
0.0016962
0.0016692
0.0016442
0.001619
0.0015865
0.0015541
0.0015239
0.0014954
0.0014695
0.0014444
0.001421
0.0013978
0.0013664
0.0013364
0.0013097
0.0012837
0.0012595
0.0012368
0.0012167
0.0011943
0.0011666
0.0011407
0.0011161
0.0010935
0.0010732
0.0010539
0.0010362
0.001017
0.00099448
0.00097255
0.00095266
0.0009344
0.00091713
0.00090257
0.00088911
0.00087379
0.0008554
0.0008386
0.00082371
0.0008098
0.00079757
0.0007867
0.00077641
0.00076577
0.00075194
0.00073959
0.00072849
0.00071899
0.0007107
0.00070349
0.00069756
0.00068898
0.0006795
0.00067002
0.00066225
0.00065564
0.00064995
0.00064583
0.0006423
0.0006357
0.00062807
0.00062166
0.00061624
0.0006113
0.00060762
0.00060487
0.00060276
0.00059773
0.00059155
0.00058645
0.00058222
0.00057922
0.0005767
0.00057505
0.00057442
0.00056966
0.00056474
0.00056122
0.00055822
0.00055621
0.00055508
0.00055535
0.00055585
0.00055208
0.00054887
0
