0.0030896
0.0031339
0.0031801
0.0032122
0.0032497
0.0032873
0.003329
0.0033737
0.003419
0.0034728
0.0035242
0.0035623
0.0036031
0.0036473
0.0036954
0.0037448
0.0037981
0.0038542
0.0039136
0.0039514
0.003996
0.0040439
0.0040941
0.0041494
0.0042066
0.0042667
0.0043231
0.0043683
0.004419
0.0044669
0.0045208
0.0045783
0.0046376
0.0047048
0.0047616
0.0048092
0.0048601
0.0049165
0.0049751
0.0050349
0.0051003
0.0051697
0.0052282
0.0052838
0.0053386
0.0053985
0.0054621
0.0055337
0.005604
0.0056797
0.0057451
0.0058032
0.0058651
0.0059353
0.0060065
0.0060831
0.0061636
0.0062549
0.0063226
0.0063898
0.0064619
0.006537
0.0066197
0.0067079
0.0067994
0.0068964
0.0069751
0.0070568
0.0071359
0.0072233
0.0073159
0.0074106
0.0075181
0.0076269
0.0077145
0.0078023
0.0078969
0.0079978
0.0081002
0.0082105
0.0083264
0.0084427
0.0085466
0.0086455
0.0087514
0.0088622
0.0089832
0.0091066
0.009236
0.0093721
0.009478
0.0095871
0.0097137
0.0098394
0.0099726
0.010111
0.010263
0.01041
0.010532
0.010661
0.010794
0.010937
0.011092
0.01125
0.011416
0.011578
0.011725
0.011869
0.012024
0.012186
0.012349
0.012533
0.012723
0.012905
0.013063
0.013229
0.013408
0.01359
0.013781
0.013981
0.014204
0.014394
0.014572
0.014761
0.014956
0.015165
0.015382
0.015606
0.015841
0.016062
0.016279
0.016482
0.016705
0.016939
0.017179
0.017442
0.017706
0.017955
0.018189
0.018439
0.018701
0.018964
0.019245
0.019539
0.019839
0.020135
0.020408
0.020696
0.020998
0.021323
0.021651
0.021992
0.022353
0.022683
0.023004
0.02336
0.023717
0.024093
0.024483
0.024906
0.025322
0.025711
0.026104
0.026509
0.026936
0.02739
0.027852
0.028335
0.028832
0.029304
0.029758
0.030241
0.030744
0.031255
0.031806
0.032371
0.032952
0.033475
0.034016
0.034589
0.035162
0.035763
0.036385
0.037009
0.037695
0.038292
0.038914
0.039554
0.040225
0.040915
0.04162
0.042353
0.043094
0.043757
0.044499
0.045232
0.045992
0.046772
0.047601
0.048433
0.049275
0.050068
0.050878
0.051718
0.052625
0.053534
0.054477
0.055439
0.056441
0.057359
0.058325
0.059325
0.060388
0.061455
0.062552
0.063703
0.064844
0.065945
0.067123
0.068307
0.069545
0.070823
0.072192
0.073534
0.074883
0.07622
0.077595
0.079028
0.080525
0.082051
0.083635
0.085264
0.086925
0.088483
0.090135
0.091843
0.093589
0.095431
0.097313
0.099249
0.10114
0.10305
0.10504
0.10703
0.10911
0.11126
0.11344
0.11577
0.11797
0.12022
0.12252
0.12493
0.12738
0.12989
0.13249
0.13516
0.13771
0.14042
0.14313
0.14594
0.14882
0.15184
0.15488
0.15802
0.16108
0.1642
0.16741
0.1708
0.17423
0.17776
0.18139
0.18522
0.18881
0.19257
0.19644
0.20039
0.20454
0.20882
0.21319
0.21768
0.22206
0.22668
0.23132
0.23616
0.24114
0.24618
0.25158
0.25699
0.26235
0.26787
0.27358
0.2795
0.28554
0.29179
0.29822
0.30463
0.31137
0.31811
0.32508
0.33223
0.33969
0.34733
0.35519
0.36318
0.37124
0.37965
0.38809
0.3969
0.40598
0.41528
0.42507
0.43482
0.44474
0.45495
0.46557
0.47647
0.48759
0.49913
0.51104
0.523
0.53544
0.54804
0.56109
0.57451
0.58852
0.60271
0.61738
0.63228
0.64745
0.66306
0.67933
0.69591
0.71301
0.73058
0.74894
0.7671
0.78584
0.80513
0.82486
0.84531
0.86635
0.88787
0.91
0.93231
0.95539
0.97871
1.0028
1.0275
1.0526
1.0788
1.1055
1.1323
1.1597
1.1878
1.2167
1.246
1.2761
1.3068
1.3379
1.37
1.4022
1.4351
1.4687
1.5032
1.5382
1.5738
1.6102
1.6466
1.6835
1.7219
1.7604
1.7996
1.8394
1.8803
1.9213
1.9627
2.0047
2.0472
2.0906
2.1349
2.1795
2.2248
2.2704
2.3168
2.3633
2.4105
2.4584
2.5063
2.5558
2.6055
2.6556
2.7057
2.7564
2.808
2.8598
2.9121
2.9649
3.0189
3.0721
3.1258
3.18
3.2346
3.2897
3.3453
3.4012
3.4574
3.5136
3.5705
3.6268
3.6838
3.7411
3.7983
3.8564
3.9142
3.972
4.0298
4.0878
4.146
4.2038
4.262
4.3201
4.3779
4.4364
4.4939
4.5516
4.609
4.6667
4.724
4.781
4.8379
4.8942
4.95
5.0063
5.0617
5.1169
5.1718
5.2266
5.2806
5.334
5.387
5.4393
5.4913
5.5432
5.5942
5.6447
5.6946
5.7441
5.7924
5.8403
5.8875
5.9338
5.98
6.0254
6.0699
6.1134
6.1562
6.1984
6.2395
6.28
6.3196
6.3579
6.3963
6.4331
6.469
6.504
6.5381
6.5713
6.6034
6.6346
6.6646
6.6933
6.7216
6.7485
6.7743
6.799
6.8228
6.8452
6.8666
6.8867
6.9055
6.9233
6.94
6.9555
6.9698
6.9827
6.9946
7.005
7.0143
7.0223
7.0291
7.0346
7.0389
7.042
7.0437
7.0441
7.0433
7.0412
7.0379
7.0334
7.0275
7.0205
7.0122
7.0026
6.9918
6.9798
6.9666
6.9521
6.9366
6.9199
6.9018
6.8827
6.8624
6.8409
6.8185
6.7947
6.77
6.7442
6.7172
6.6892
6.66
6.63
6.5989
6.5669
6.5341
6.4998
6.4648
6.4288
6.3919
6.354
6.3153
6.2758
6.2354
6.1943
6.1523
6.109
6.0652
6.0207
5.9755
5.9293
5.8827
5.8355
5.7872
5.7384
5.689
5.6387
5.588
5.5368
5.4852
5.4326
5.3798
5.3263
5.2724
5.2184
5.1635
5.1083
5.053
4.9972
4.941
4.8841
4.8274
4.7704
4.7132
4.6563
4.5983
4.5406
4.4825
4.4244
4.3662
4.3079
4.2498
4.1917
4.1337
4.0763
4.0173
3.9592
3.9012
3.8436
3.7858
3.7285
3.6715
3.6144
3.5576
3.5012
3.4443
3.3883
3.3326
3.2775
3.2223
3.1676
3.1131
3.059
3.0052
2.9519
2.8993
2.8471
2.7955
2.7442
2.6927
2.6422
2.5921
2.5426
2.4935
2.4453
2.3976
2.3501
2.3032
2.2569
2.2109
2.1658
2.1213
2.0775
2.034
1.9913
1.949
1.9073
1.8664
1.8259
1.7862
1.7473
1.709
1.6711
1.6334
1.5968
1.5609
1.5256
1.4911
1.457
1.4238
1.3908
1.3584
1.3267
1.2957
1.2654
1.2358
1.2069
1.1788
1.1504
1.123
1.0962
1.07
1.0444
1.0195
0.99523
0.9715
0.94801
0.92517
0.90264
0.88089
0.85969
0.83912
0.81888
0.79933
0.77989
0.76098
0.74268
0.72476
0.70728
0.69039
0.67397
0.65796
0.64193
0.62654
0.61155
0.59699
0.58296
0.56912
0.55577
0.54271
0.52981
0.51729
0.50507
0.49331
0.48187
0.4708
0.46016
0.44943
0.439
0.42887
0.41908
0.40953
0.40029
0.39137
0.38271
0.37415
0.36561
0.35751
0.34959
0.34191
0.33451
0.32723
0.32026
0.31332
0.30648
0.29983
0.29337
0.28719
0.28116
0.27532
0.26969
0.26394
0.25839
0.25298
0.24774
0.24261
0.23768
0.23292
0.22828
0.22359
0.21901
0.2145
0.21018
0.20598
0.20191
0.19789
0.19408
0.19016
0.18632
0.1826
0.17897
0.17544
0.17203
0.16871
0.1655
0.16213
0.15892
0.15578
0.15272
0.14978
0.14687
0.14407
0.14134
0.13852
0.13578
0.13309
0.13052
0.12801
0.12558
0.12324
0.12089
0.1185
0.11618
0.11393
0.11173
0.10961
0.10757
0.10558
0.10362
0.10161
0.099631
0.097739
0.095902
0.094131
0.09239
0.090734
0.08908
0.087381
0.085746
0.084152
0.082603
0.081117
0.079678
0.078294
0.076873
0.075457
0.074075
0.072739
0.071456
0.070194
0.068983
0.067815
0.066627
0.065419
0.064235
0.063109
0.062013
0.060954
0.059908
0.058929
0.057907
0.056869
0.055867
0.054891
0.053945
0.053036
0.052155
0.051303
0.050389
0.049504
0.048634
0.04779
0.046977
0.046179
0.045415
0.044677
0.04389
0.043105
0.042336
0.041611
0.040902
0.040217
0.039559
0.038909
0.038223
0.037543
0.036887
0.036248
0.035634
0.035049
0.034481
0.033934
0.033337
0.032746
0.032186
0.031645
0.031125
0.030617
0.03014
0.029679
0.029163
0.028669
0.028191
0.027731
0.027293
0.026873
0.026471
0.026068
0.025638
0.025219
0.024817
0.024433
0.024059
0.023705
0.023366
0.023029
0.022658
0.022294
0.021955
0.021626
0.021311
0.02101
0.020716
0.020423
0.0201
0.01979
0.01949
0.019201
0.018928
0.018663
0.018411
0.018149
0.01786
0.017585
0.01732
0.017066
0.016818
0.016584
0.016359
0.01612
0.015864
0.015616
0.015378
0.01515
0.014931
0.014722
0.014517
0.014302
0.014072
0.013851
0.013637
0.013433
0.013242
0.013057
0.01288
0.012685
0.012479
0.012287
0.012102
0.011925
0.011754
0.011595
0.011444
0.011272
0.011097
0.010929
0.01077
0.01062
0.010477
0.010342
0.01021
0.010063
0.0099137
0.0097717
0.0096377
0.0095088
0.0093884
0.0092752
0.0091682
0.0090374
0.0089064
0.0087872
0.0086722
0.0085633
0.0084609
0.0083621
0.0082715
0.0081541
0.0080418
0.0079342
0.0078317
0.0077369
0.0076458
0.0075599
0.007477
0.0073686
0.0072672
0.0071699
0.0070777
0.0069883
0.006905
0.0068264
0.0067472
0.0066482
0.0065529
0.006462
0.0063762
0.0062942
0.0062168
0.0061411
0.0060662
0.0059739
0.0058858
0.0058022
0.0057216
0.0056462
0.0055747
0.0055071
0.0054357
0.0053499
0.0052709
0.0051951
0.0051235
0.005056
0.0049916
0.0049323
0.0048672
0.0047929
0.0047224
0.0046556
0.004594
0.0045358
0.0044816
0.0044308
0.0043734
0.0043097
0.0042497
0.0041938
0.0041407
0.0040919
0.0040469
0.0040052
0.0039554
0.0038994
0.0038495
0.003802
0.0037576
0.0037166
0.0036777
0.003643
0.0035984
0.0035506
0.0035055
0.0034628
0.0034244
0.0033879
0.003354
0.0033227
0.0032796
0.003236
0.0031944
0.0031553
0.0031178
0.0030832
0.0030512
0.0030209
0.0029788
0.002936
0.0028953
0.0028573
0.0028212
0.0027871
0.0027542
0.0027245
0.002682
0.0026404
0
