0.0074709
0.0075588
0.0076494
0.0077175
0.0077983
0.0078744
0.0079581
0.0080455
0.008129
0.0082351
0.0083335
0.0084124
0.0084944
0.0085824
0.0086782
0.0087737
0.0088759
0.0089819
0.0091011
0.0091763
0.0092686
0.0093661
0.0094656
0.009577
0.0096902
0.0098077
0.0099212
0.01002
0.010132
0.010232
0.010345
0.010465
0.010585
0.010724
0.010845
0.010955
0.01107
0.011197
0.011326
0.011454
0.011593
0.011739
0.011866
0.012001
0.012129
0.012266
0.012408
0.012567
0.012719
0.01288
0.013028
0.013167
0.01331
0.013473
0.013633
0.013802
0.013975
0.014174
0.014327
0.014486
0.014654
0.014822
0.015007
0.015203
0.0154
0.015607
0.015787
0.015982
0.016162
0.01636
0.016566
0.016769
0.017005
0.017237
0.017442
0.017647
0.017864
0.018094
0.018322
0.018564
0.018815
0.019057
0.019309
0.019541
0.019785
0.020035
0.020308
0.02058
0.020862
0.021156
0.021407
0.021659
0.021956
0.022242
0.02254
0.022843
0.02318
0.023497
0.023788
0.024089
0.024389
0.024714
0.025066
0.025414
0.025775
0.026127
0.026478
0.02681
0.027164
0.02753
0.027884
0.028297
0.028711
0.029114
0.029484
0.029865
0.030279
0.030685
0.031113
0.031551
0.032047
0.03246
0.032878
0.033313
0.033754
0.034224
0.034711
0.035202
0.035713
0.036205
0.036714
0.037171
0.037675
0.038196
0.038717
0.039292
0.039861
0.040409
0.04094
0.041498
0.04208
0.042643
0.043245
0.043866
0.044478
0.045126
0.045717
0.046336
0.04697
0.047651
0.048323
0.049011
0.049731
0.050408
0.051064
0.051799
0.052516
0.053261
0.05402
0.054852
0.055639
0.056405
0.057179
0.05796
0.058781
0.059656
0.060528
0.061431
0.062344
0.063268
0.064123
0.06504
0.065984
0.066922
0.067956
0.069002
0.070068
0.071063
0.072086
0.073176
0.074243
0.075366
0.076521
0.07765
0.078945
0.080091
0.08128
0.082493
0.083771
0.085078
0.0864
0.087775
0.089162
0.090426
0.091888
0.093298
0.094754
0.096228
0.097813
0.099378
0.10097
0.10251
0.10406
0.10566
0.10741
0.10913
0.1109
0.11267
0.11457
0.11631
0.11814
0.12001
0.122
0.12396
0.12594
0.12802
0.13008
0.13208
0.13424
0.13637
0.13857
0.14081
0.14324
0.14553
0.14787
0.15021
0.15258
0.15504
0.1576
0.16017
0.16282
0.16551
0.16834
0.1709
0.17365
0.17647
0.1793
0.18232
0.18537
0.18847
0.19154
0.19463
0.19789
0.20105
0.20438
0.20778
0.21118
0.2149
0.2184
0.22198
0.22563
0.22945
0.23332
0.23721
0.24126
0.24541
0.24936
0.25368
0.25792
0.2623
0.26675
0.27146
0.27611
0.28092
0.28566
0.29047
0.29539
0.30062
0.30584
0.3112
0.31664
0.32246
0.32787
0.33355
0.33937
0.34522
0.35139
0.35774
0.36416
0.37071
0.37714
0.38396
0.39068
0.39766
0.40479
0.41188
0.41962
0.42725
0.43485
0.4426
0.45058
0.45882
0.4671
0.47564
0.48435
0.49286
0.50213
0.51118
0.52046
0.52987
0.5397
0.54962
0.55974
0.57001
0.58036
0.59119
0.60165
0.61265
0.6239
0.63524
0.64724
0.65898
0.67092
0.68309
0.69572
0.70847
0.72123
0.73446
0.74795
0.76135
0.77541
0.78931
0.8036
0.81813
0.83332
0.84825
0.86358
0.8791
0.89471
0.9106
0.92711
0.94361
0.96049
0.97759
0.99559
1.0127
1.0304
1.0485
1.0667
1.0855
1.1046
1.1239
1.1435
1.1631
1.1834
1.2032
1.2237
1.2446
1.2654
1.2872
1.3089
1.3307
1.3527
1.3751
1.3979
1.4206
1.4439
1.4674
1.4907
1.5151
1.5391
1.5635
1.5881
1.6133
1.6385
1.6639
1.6896
1.7152
1.7408
1.7676
1.7941
1.8208
1.8477
1.8754
1.9026
1.93
1.9576
1.9852
2.0133
2.042
2.0705
2.0992
2.1278
2.1572
2.1859
2.2151
2.2444
2.2734
2.3036
2.3336
2.3636
2.3933
2.4233
2.4538
2.4839
2.5143
2.5447
2.5763
2.606
2.6365
2.6671
2.6976
2.7285
2.7594
2.7902
2.8212
2.8519
2.8834
2.9134
2.9441
2.9749
3.0053
3.0365
3.0671
3.0976
3.128
3.1585
3.189
3.2188
3.249
3.279
3.3085
3.3388
3.3682
3.3976
3.4268
3.4563
3.4851
3.5137
3.5424
3.5706
3.5983
3.6267
3.6542
3.6816
3.7088
3.7362
3.7626
3.7888
3.8149
3.8404
3.8659
3.8913
3.9161
3.9406
3.9647
3.989
4.012
4.0351
4.0577
4.0798
4.102
4.1237
4.1448
4.1655
4.1857
4.2058
4.225
4.244
4.2626
4.2803
4.2985
4.3155
4.3322
4.3484
4.3642
4.3795
4.3942
4.4085
4.4223
4.4352
4.4483
4.4605
4.4722
4.4833
4.4942
4.5043
4.5139
4.523
4.5314
4.5393
4.547
4.5539
4.5602
4.566
4.5714
4.5761
4.5802
4.5838
4.5869
4.5894
4.5914
4.5928
4.5937
4.5939
4.5936
4.5928
4.5914
4.5895
4.5869
4.5839
4.5803
4.5762
4.5715
4.5662
4.5603
4.554
4.5471
4.5397
4.5315
4.5231
4.514
4.5044
4.4944
4.4836
4.4724
4.4607
4.4485
4.4356
4.4222
4.4086
4.3943
4.3795
4.3645
4.3484
4.3323
4.3155
4.2982
4.2804
4.2622
4.2438
4.2248
4.2053
4.1856
4.1648
4.1441
4.1229
4.1014
4.079
4.0568
4.0341
4.0109
3.9874
3.9636
3.939
3.9144
3.8895
3.8644
3.8383
3.8127
3.7865
3.7599
3.7335
3.7063
3.6788
3.6513
3.6236
3.5956
3.5668
3.5385
3.5098
3.481
3.4525
3.4227
3.3934
3.3637
3.334
3.304
3.2738
3.2439
3.2137
3.1835
3.1539
3.1224
3.0918
3.0611
3.0306
2.9995
2.9688
2.9382
2.9073
2.8766
2.846
2.8144
2.7836
2.7527
2.7222
2.691
2.6605
2.6296
2.5989
2.5678
2.5372
2.5072
2.4769
2.4467
2.4167
2.386
2.3561
2.3261
2.2964
2.2661
2.2371
2.208
2.1787
2.1495
2.1206
2.0914
2.0629
2.0345
2.0064
1.9777
1.9503
1.9225
1.8949
1.8677
1.8404
1.8134
1.7868
1.7604
1.7341
1.7074
1.682
1.6563
1.631
1.6063
1.581
1.5566
1.532
1.5078
1.4837
1.4598
1.4367
1.4137
1.3909
1.3689
1.3458
1.3237
1.3018
1.2803
1.2587
1.2379
1.2173
1.1969
1.1767
1.1569
1.1367
1.1174
1.0982
1.0796
1.0607
1.0427
1.0245
1.0066
0.98919
0.97186
0.95464
0.93797
0.92158
0.90555
0.88905
0.87343
0.85789
0.84266
0.82803
0.81306
0.7986
0.78437
0.77025
0.7564
0.74261
0.72939
0.71632
0.70355
0.69143
0.67851
0.66621
0.65413
0.64237
0.63069
0.61932
0.60826
0.59739
0.58662
0.57556
0.56544
0.55523
0.54522
0.53555
0.52578
0.51648
0.50716
0.49795
0.48885
0.47993
0.4715
0.46309
0.45487
0.447
0.43872
0.43088
0.42313
0.41559
0.40804
0.40089
0.39393
0.38705
0.38016
0.37346
0.36667
0.36024
0.35391
0.34778
0.34154
0.33584
0.32991
0.32409
0.31848
0.31293
0.30744
0.30219
0.29704
0.29207
0.28677
0.28193
0.27707
0.27233
0.2678
0.2632
0.25878
0.25448
0.2501
0.24582
0.24157
0.23758
0.23361
0.22975
0.22611
0.22224
0.2185
0.21482
0.21125
0.2077
0.20428
0.20099
0.19775
0.19457
0.19142
0.18811
0.18503
0.18201
0.1791
0.17615
0.1734
0.17063
0.16781
0.16511
0.16246
0.15977
0.15723
0.15475
0.15238
0.14985
0.14747
0.14508
0.14276
0.14057
0.13832
0.13614
0.13404
0.13194
0.12984
0.1277
0.12571
0.12375
0.12184
0.11986
0.11814
0.11631
0.11446
0.11267
0.11091
0.10917
0.10752
0.10591
0.10435
0.10262
0.1011
0.099536
0.09801
0.096554
0.095074
0.093671
0.09231
0.090896
0.089482
0.088067
0.086792
0.085502
0.084248
0.083069
0.081821
0.080597
0.07937
0.078183
0.076994
0.075866
0.074798
0.073737
0.072708
0.071647
0.070522
0.06949
0.068476
0.067501
0.066499
0.065598
0.064703
0.063731
0.062801
0.061893
0.060973
0.060113
0.059272
0.05847
0.057614
0.056795
0.055962
0.055152
0.054389
0.053609
0.052855
0.052137
0.051423
0.050669
0.049896
0.0492
0.048503
0.047827
0.047203
0.046528
0.04589
0.045211
0.044558
0.043912
0.043282
0.042693
0.04211
0.041549
0.04101
0.040363
0.039781
0.039214
0.038673
0.038122
0.037611
0.037116
0.036601
0.036077
0.035572
0.035042
0.034558
0.034088
0.033646
0.03318
0.032734
0.032261
0.031804
0.031343
0.030912
0.030518
0.03012
0.029736
0.029341
0.028901
0.028508
0.028119
0.027747
0.027359
0.027027
0.026699
0.026336
0.025974
0.025624
0.025272
0.024948
0.024633
0.024333
0.024009
0.023712
0.023392
0.023082
0.022791
0.022497
0.022217
0.021953
0.021697
0.02141
0.021106
0.020849
0.020586
0.020332
0.0201
0.019851
0.019629
0.019367
0.019115
0.018866
0.018626
0.018409
0.018192
0.017985
0.017796
0.017542
0.017318
0.017099
0.016891
0.016679
0.016488
0.016305
0.01612
0.01591
0.015711
0.015502
0.015314
0.015131
0.01496
0.014778
0.014618
0.014425
0.01424
0.014067
0.013894
0.013724
0.013567
0.013417
0.013265
0.013078
0.012918
0.012758
0.012605
0.012467
0.012317
0.012181
0.012039
0.011883
0.011734
0.011585
0.011451
0.011321
0.011197
0.01109
0.010947
0.010808
0.010675
0.010551
0.010426
0.01031
0.010202
0.010098
0.0099815
0.0098445
0.0097393
0.0096278
0.0095212
0.0094239
0.0093209
0.0092329
0.0091279
0.0090188
0.0089108
0.0088076
0.0087208
0.0086319
0.0085477
0.0084733
0.0083687
0.0082742
0.0081811
0.0080935
0.0080029
0.007926
0.0078541
0.0077832
0.0076953
0.0076092
0.0075195
0.007441
0.0073648
0.007294
0.0072168
0.0071594
0.0070758
0.0069941
0
