0.0014748
0.0015145
0.0015632
0.0015036
0.0014603
0.0014369
0.001431
0.0014433
0.0014745
0.0015213
0.0015658
0.0015115
0.0014744
0.0014535
0.0014486
0.0014608
0.0014892
0.0015348
0.0015615
0.0015053
0.0014645
0.0014411
0.0014359
0.0014467
0.0014759
0.0015232
0.0015434
0.0014902
0.0014528
0.0014348
0.0014326
0.001447
0.001479
0.0015253
0.0015334
0.0014789
0.0014413
0.0014201
0.0014158
0.0014294
0.0014598
0.0015081
0.0015077
0.0014557
0.0014223
0.0014057
0.0014062
0.001422
0.0014557
0.0015062
0.0014941
0.0014439
0.0014097
0.0013911
0.0013898
0.0014051
0.0014387
0.0014882
0.0014679
0.0014209
0.0013913
0.00138
0.001384
0.0014059
0.0014459
0.0015043
0.001479
0.0014372
0.0014149
0.0014094
0.0014216
0.0014528
0.0014997
0.0015663
0.0015331
0.0014961
0.0014751
0.0014695
0.0014813
0.0015091
0.0015551
0.0016205
0.0015677
0.0015255
0.0015017
0.0014973
0.0015108
0.0015446
0.0015992
0.0016704
0.0016194
0.001586
0.0015703
0.0015735
0.0015951
0.0016363
0.0016944
0.0017566
0.0017011
0.0016629
0.0016431
0.0016377
0.0016504
0.0016802
0.0017294
0.0017676
0.0016967
0.0016477
0.0016175
0.0016069
0.001617
0.0016429
0.0016921
0.0017158
0.0016492
0.0015995
0.0015649
0.0015479
0.0015473
0.001565
0.0016007
0.0016053
0.0015394
0.0014953
0.0014738
0.0014723
0.0014919
0.0015323
0.0015935
0.0016096
0.0015649
0.0015401
0.00153
0.001535
0.0015547
0.0015832
0.0016226
0.0015958
0.0015174
0.001451
0.0013979
0.0013628
0.001348
0.0013585
0.0014005
0.0013914
0.0013668
0.0013698
0.0013965
0.0014403
0.0014965
0.0015605
0.0016281
0.0015938
0.0015173
0.0014357
0.0013536
0.0012735
0.0012003
0.0011379
0.0010948
0.00099779
0.0009193
0.00088273
0.00088525
0.0009255
0.00099574
0.0010854
0.0011808
0.0011707
0.0011274
0.001062
0.00098459
0.00091562
0.00087511
0.00089223
0.00098049
0.001049
0.0011582
0.0012719
0.0013503
0.0013642
0.0013067
0.001199
0.0010772
0.00091792
0.00084472
0.00085402
0.00090686
0.00094845
0.0009352
0.0008627
0.0007595
0.00065151
0.00065405
0.00076844
0.00092938
0.0010384
0.0010151
0.0008584
0.00063205
0.00043958
0.00041303
0.00052835
0.00068501
0.00076713
0.00073095
0.00064194
0.00059578
0.00065546
0.00082492
0.0009816
0.0010198
0.00094012
0.00084446
0.00084921
0.00094083
0.0010034
0.00096375
0.00080831
0.0006441
0.00059521
0.00068564
0.00080708
0.00080192
0.00065575
0.00051584
0.00049506
0.00059553
0.00071491
0.00076256
0.00075753
0.00075697
0.00080394
0.00083632
0.00075801
0.00060127
0.00051487
0.00061341
0.00082279
0.00088744
0.00072139
0.00048373
0.00040837
0.0005736
0.00079963
0.00084342
0.00065809
0.00042219
0.00038136
0.00050224
0.0005697
0.00045736
0.00027113
0.00021798
0.00035709
0.00050055
0.00049917
0.00037122
0.00025967
0.00024599
0.00028495
0.00031256
0.00036121
0.00046727
0.00060876
0.00065279
0.00056189
0.00046907
0.00052676
0.00069817
0.00076993
0.00058224
0.0003689
0.00038062
0.00062777
0.00085291
0.00084085
0.0006734
0.00063867
0.00083276
0.0011049
0.0012105
0.0011226
0.0010119
0.001008
0.0010686
0.0010929
0.0010444
0.001066
0.0011298
0.0011556
0.0011688
0.0013039
0.0016069
0.0018775
0.0018655
0.0017777
0.0018589
0.0021202
0.0022597
0.0020948
0.0019278
0.0022368
0.0029646
0.0034601
0.0031023
0.0021556
0.0015607
0.0018668
0.0026137
0.0028898
0.0025643
0.0024105
0.0027438
0.0030403
0.0026758
0.0019091
0.0017286
0.0024913
0.0033548
0.0034836
0.0031303
0.0033371
0.004372
0.005126
0.0044115
0.0025858
0.0017264
0.0028016
0.0045852
0.0053106
0.0047901
0.0044371
0.0051893
0.0058158
0.0049406
0.0031013
0.0022838
0.0035704
0.0057651
0.0068913
0.0066999
0.0065101
0.0075077
0.0083154
0.0070637
0.0042083
0.0024032
0.0035429
0.0066583
0.0086352
0.0089553
0.0089343
0.0093569
0.0091032
0.0068444
0.003619
0.0025213
0.0049805
0.0093538
0.012702
0.014311
0.015583
0.017019
0.01663
0.012335
0.0054135
0.0018206
0.0044644
0.011222
0.017333
0.020158
0.020729
0.020546
0.018143
0.012598
0.0051756
0.00049987
0.0025261
0.010787
0.021028
0.028939
0.032835
0.034079
0.031979
0.025343
0.015379
0.0066169
0.004003
0.0091833
0.019188
0.02972
0.038165
0.043431
0.044872
0.042571
0.038582
0.036499
0.039822
0.048196
0.058927
0.068964
0.07644
0.080714
0.082057
0.082354
0.085729
0.095747
0.1137
0.13678
0.15995
0.17852
0.1898
0.19308
0.19161
0.19202
0.20277
0.23137
0.27987
0.3423
0.4078
0.46364
0.5038
0.52956
0.54653
0.56523
0.59897
0.66102
0.75744
0.88368
1.0201
1.145
1.2412
1.3013
1.3313
1.3521
1.4029
1.5349
1.7785
2.1407
2.6001
3.1123
3.622
4.0717
4.4154
4.6176
4.7042
4.7397
4.8097
5.0129
5.4333
6.1224
7.0897
8.3072
9.6819
11.119
12.521
13.827
15.007
16.077
17.102
18.189
19.461
21.021
22.961
25.333
28.189
31.565
35.492
40.021
45.15
50.946
57.467
64.756
72.806
81.534
90.881
100.63
110.55
120.38
129.83
138.76
146.97
154.39
160.82
166.3
170.95
174.87
178.17
180.96
183.35
185.41
187.08
188.25
188.8
188.56
187.38
185.17
181.91
177.71
172.59
166.67
160.1
152.97
145.36
137.28
128.76
119.88
110.69
101.4
92.072
82.876
73.938
65.441
57.511
50.254
43.84
38.325
33.727
30.009
27.052
24.734
22.896
21.387
20.044
18.718
17.337
15.874
14.357
12.834
11.368
10.022
8.8605
7.9044
7.1423
6.5427
6.0583
5.6379
5.2434
4.8449
4.4322
4.0146
3.6082
3.231
2.8971
2.6157
2.3887
2.21
2.0724
1.9579
1.8551
1.7528
1.6426
1.5157
1.3691
1.205
1.03
0.85954
0.70718
0.58401
0.49703
0.44719
0.42966
0.43432
0.44668
0.45175
0.43992
0.40783
0.35826
0.29876
0.23909
0.18888
0.15552
0.14025
0.14014
0.14888
0.15906
0.16454
0.16173
0.14958
0.13006
0.107
0.083647
0.062955
0.047132
0.037317
0.033573
0.035034
0.039761
0.04589
0.051804
0.055872
0.05638
0.052012
0.042368
0.028758
0.01502
0.0053033
0.0020706
0.0054469
0.013606
0.023985
0.034116
0.040776
0.041837
0.036526
0.025933
0.013609
0.0040556
0.00037353
0.0028347
0.0089487
0.015792
0.021245
0.023783
0.022439
0.017371
0.010434
0.0046093
0.0020476
0.0032938
0.0067334
0.010582
0.0139
0.016253
0.017029
0.015651
0.011669
0.0079823
0.0066323
0.0081514
0.011418
0.014747
0.017135
0.018334
0.017216
0.015048
0.012233
0.0097227
0.0085384
0.0091324
0.011194
0.013899
0.015602
0.016538
0.01622
0.014716
0.012769
0.011433
0.011309
0.011989
0.012368
0.0131
0.01412
0.014974
0.014963
0.013997
0.013012
0.012939
0.013497
0.014414
0.014613
0.014142
0.013807
0.013964
0.014031
0.012938
0.010963
0.010187
0.011233
0.013323
0.015009
0.015643
0.015764
0.015617
0.015229
0.014795
0.014115
0.013502
0.013334
0.013611
0.014114
0.014184
0.014113
0.01445
0.014755
0.01471
0.014494
0.014603
0.015317
0.015635
0.015611
0.015731
0.016059
0.016376
0.016297
0.015877
0.015771
0.015673
0.016055
0.016392
0.016006
0.01504
0.014244
0.014097
0.014455
0.013957
0.013358
0.013149
0.01341
0.013824
0.01411
0.014354
0.014922
0.01473
0.01438
0.013734
0.012992
0.012625
0.012842
0.013333
0.013658
0.012695
0.012062
0.012077
0.012554
0.012996
0.013114
0.013063
0.013235
0.012897
0.01296
0.013118
0.01317
0.013043
0.012848
0.012842
0.013133
0.013089
0.013345
0.013388
0.012895
0.012077
0.011523
0.011695
0.012269
0.01216
0.011752
0.011173
0.010822
0.010964
0.011461
0.012009
0.012106
0.011588
0.01141
0.011561
0.011743
0.011701
0.011437
0.01125
0.011044
0.010766
0.010785
0.010901
0.011056
0.011316
0.01172
0.012232
0.012229
0.011662
0.011114
0.010723
0.010526
0.010474
0.010466
0.010514
0.010161
0.0097121
0.009596
0.009734
0.009974
0.010198
0.010374
0.01058
0.010317
0.0099983
0.0098878
0.0099273
0.010052
0.010219
0.010445
0.010747
0.010462
0.010051
0.0097039
0.0094133
0.0091684
0.0090003
0.0089525
0.0090549
0.0087013
0.0084328
0.0083541
0.0084302
0.0086304
0.0089216
0.0092736
0.0096697
0.0093503
0.0089974
0.0086966
0.0084547
0.0082968
0.0082369
0.0083088
0.0084979
0.008117
0.0078776
0.0077621
0.0077431
0.0078126
0.0079495
0.0081426
0.0083075
0.0079282
0.007625
0.0074131
0.0073034
0.0072993
0.0074044
0.0076181
0.0078085
0.0075582
0.0073887
0.007304
0.0072848
0.0073267
0.0074264
0.0075734
0.007598
0.0072188
0.0069133
0.0066854
0.0065411
0.0064854
0.0065177
0.0066411
0.0066435
0.0063614
0.0061773
0.0060773
0.0060585
0.0061117
0.0062413
0.0064444
0.0064586
0.0062336
0.0060813
0.0059916
0.0059792
0.006038
0.0061703
0.0063676
0.0063407
0.006126
0.0059792
0.0058955
0.0058804
0.00593
0.0060413
0.0062158
0.0061172
0.0058782
0.0057117
0.0056091
0.0055713
0.0055919
0.0056819
0.0058314
0.0056808
0.0054524
0.0052888
0.0051849
0.0051475
0.005171
0.0052555
0.0053934
0.0052283
0.0050324
0.0048988
0.0048273
0.0048141
0.0048591
0.0049616
0.0051193
0.0049399
0.0047639
0.004649
0.0045868
0.0045782
0.0046238
0.0047187
0.0048695
0.0046626
0.0045006
0.0043921
0.0043375
0.0043379
0.0043897
0.0044946
0.0046283
0.0044314
0.0042929
0.0042058
0.0041708
0.0041842
0.0042506
0.0043683
0.0044767
0.0043025
0.0041783
0.0040981
0.0040688
0.0040861
0.0041505
0.0042602
0.0043316
0.0041579
0.0040318
0.0039542
0.0039244
0.0039401
0.0040054
0.004121
0.0041658
0.0040052
0.0038976
0.0038363
0.0038223
0.0038555
0.0039325
0.0040568
0.0040786
0.0039339
0.003834
0.0037765
0.0037648
0.0037955
0.0038691
0.0039867
0.0039673
0.0038191
0.0037134
0.0036508
0.0036297
0.0036513
0.0037163
0.003824
0.0037776
0.0036324
0.0035353
0.0034803
0.0034681
0.0034991
0.00357
0.003686
0.0036252
0.0034995
0.0034143
0.0033702
0.0033675
0.0034033
0.0034785
0.0035942
0.0035059
0.0033846
0.0033014
0.0032571
0.0032493
0.0032822
0.0033544
0.003465
0.0033575
0.0032426
0.0031641
0.0031267
0.0031269
0.0031652
0.0032393
0.0033545
0.0032326
0.0031277
0
