19.555
19.831
20.152
20.395
20.592
20.841
21.131
21.468
21.847
22.275
22.754
23.125
23.468
23.853
24.284
24.763
25.287
25.859
26.47
26.953
27.418
27.926
28.481
29.076
29.725
30.423
31.171
31.717
32.259
32.86
33.503
34.193
34.936
35.727
36.587
37.166
37.787
38.463
39.197
40.011
40.893
41.856
42.877
43.587
44.386
45.263
46.228
47.271
48.413
49.652
50.902
51.825
52.811
53.869
54.993
56.169
57.395
58.646
59.827
60.615
61.412
62.214
63.004
63.802
64.588
65.36
65.929
66.099
66.296
66.471
66.643
66.815
66.993
67.208
67.217
66.978
66.792
66.671
66.655
66.72
66.893
67.176
67.331
67.408
67.632
68.022
68.571
69.314
70.257
71.395
72.421
73.447
74.702
76.172
77.858
79.771
81.888
84.273
86.441
88.647
91.058
93.649
96.468
99.472
102.66
106.04
108.94
111.88
114.92
118.08
121.34
124.69
128.17
131.73
134.52
137.27
140.07
142.95
145.87
148.86
151.86
155.03
157.2
159.44
161.77
164.18
166.73
169.42
172.25
175.14
177.09
179.36
181.76
184.36
187.17
190.15
193.43
196.7
199.27
202.05
205.05
208.41
211.98
215.81
219.91
223.88
227.33
231.01
234.97
239.15
243.66
248.52
253.65
258.56
262.91
267.55
272.55
277.83
283.45
289.29
295.65
301.58
307.02
312.81
318.9
325.39
332.27
339.51
347.16
354.03
360.76
367.75
375.1
382.82
390.83
399.3
408.1
415.92
423.36
431.01
439.14
447.45
456.03
464.84
473.86
481.58
488.94
496.53
504.24
512.22
520.51
528.98
537.72
544.71
551.71
559.07
566.75
574.83
583.17
592.21
601.73
609.5
617.77
626.55
636.18
646.55
657.71
669.77
682.35
693.78
706
719.23
733.27
748.56
765.18
782.75
801.05
817.92
835.72
854.92
875.06
896.31
918.16
941.75
965.41
987.33
1010.2
1033.7
1058
1083.4
1109.3
1136
1161.5
1186.3
1211.1
1236.5
1262.6
1288.9
1316.2
1344.1
1370.8
1395.8
1421
1448
1475.3
1503.5
1532.8
1562.7
1592.1
1620.2
1649.6
1680.1
1712.1
1746.2
1781.7
1818.8
1854.8
1890.3
1928.2
1967.9
2009.7
2052.8
2099.1
2147.4
2193.8
2240.9
2290
2341.4
2395.3
2451.5
2510.1
2570
2629.2
2688.8
2750.8
2815.4
2882
2951.7
3024.1
3099.2
3171
3244
3321.5
3401.4
3484.5
3570.9
3660.3
3754
3843.5
3936.8
4033.4
4134.1
4239.8
4349.3
4463.2
4580.6
4694.8
4814
4937.5
5066
5198
5336.3
5479.4
5625.4
5768
5913.3
6068.5
6226.2
6388.6
6556.3
6727
6902.7
7074.3
7250.9
7431.1
7617.4
7812.1
8010.7
8215.3
8421.9
8625.2
8838.5
9057.9
9285.4
9517.7
9764.2
10020
10279
10541
10814
11100
11401
11715
12045
12385
12745
13111
13496
13902
14327
14776
15249
15746
16258
16784
17348
17937
18555
19203
19881
20597
21330
22093
22889
23722
24601
25514
26468
27462
28479
29540
30644
31794
32984
34232
35531
36878
38254
39678
41161
42702
44299
45956
47661
49449
51264
53143
55087
57095
59177
61328
63547
65835
68155
70572
73051
75604
78226
80926
83705
86548
89440
92400
95432
98553
1.0174e+05
1.0499e+05
1.0827e+05
1.1169e+05
1.1512e+05
1.1861e+05
1.2217e+05
1.2578e+05
1.2947e+05
1.3322e+05
1.3703e+05
1.4088e+05
1.4472e+05
1.487e+05
1.527e+05
1.5674e+05
1.6084e+05
1.6497e+05
1.6918e+05
1.734e+05
1.7765e+05
1.8193e+05
1.8625e+05
1.9065e+05
1.9507e+05
1.9953e+05
2.0401e+05
2.085e+05
2.1304e+05
2.176e+05
2.2218e+05
2.2676e+05
2.3141e+05
2.3608e+05
2.4077e+05
2.4544e+05
2.5011e+05
2.548e+05
2.5951e+05
2.6422e+05
2.6894e+05
2.7361e+05
2.7835e+05
2.8303e+05
2.8769e+05
2.9234e+05
2.9696e+05
3.0157e+05
3.0616e+05
3.1071e+05
3.1523e+05
3.1966e+05
3.2411e+05
3.2849e+05
3.3282e+05
3.371e+05
3.4132e+05
3.455e+05
3.4962e+05
3.5365e+05
3.5761e+05
3.6151e+05
3.6536e+05
3.6913e+05
3.7282e+05
3.7644e+05
3.7998e+05
3.8344e+05
3.8681e+05
3.901e+05
3.9329e+05
3.9642e+05
3.9946e+05
4.0241e+05
4.0527e+05
4.0802e+05
4.1068e+05
4.1325e+05
4.1572e+05
4.1809e+05
4.2035e+05
4.2253e+05
4.2459e+05
4.2654e+05
4.2838e+05
4.3011e+05
4.3173e+05
4.3324e+05
4.3463e+05
4.3591e+05
4.3706e+05
4.3809e+05
4.39e+05
4.3979e+05
4.4045e+05
4.41e+05
4.4143e+05
4.4173e+05
4.419e+05
4.4195e+05
4.4187e+05
4.4167e+05
4.4135e+05
4.4091e+05
4.4036e+05
4.3968e+05
4.3887e+05
4.3795e+05
4.3691e+05
4.3576e+05
4.345e+05
4.3312e+05
4.3163e+05
4.3003e+05
4.2835e+05
4.265e+05
4.2457e+05
4.2254e+05
4.2041e+05
4.1818e+05
4.1584e+05
4.134e+05
4.1086e+05
4.0822e+05
4.055e+05
4.0265e+05
3.9972e+05
3.967e+05
3.936e+05
3.9042e+05
3.8711e+05
3.8373e+05
3.8026e+05
3.7674e+05
3.7311e+05
3.694e+05
3.6563e+05
3.6179e+05
3.5786e+05
3.5387e+05
3.4981e+05
3.4569e+05
3.4152e+05
3.3734e+05
3.3305e+05
3.2873e+05
3.2435e+05
3.1993e+05
3.1548e+05
3.11e+05
3.0649e+05
3.0195e+05
2.9739e+05
2.9286e+05
2.882e+05
2.8357e+05
2.7893e+05
2.7428e+05
2.6963e+05
2.6497e+05
2.6032e+05
2.5566e+05
2.5099e+05
2.4634e+05
2.4165e+05
2.37e+05
2.3236e+05
2.2774e+05
2.2314e+05
2.1854e+05
2.1395e+05
2.0937e+05
2.0484e+05
2.0033e+05
1.9583e+05
1.9138e+05
1.8696e+05
1.8257e+05
1.782e+05
1.7387e+05
1.6958e+05
1.6534e+05
1.6118e+05
1.5703e+05
1.5295e+05
1.4891e+05
1.4491e+05
1.4097e+05
1.371e+05
1.3329e+05
1.2955e+05
1.2587e+05
1.2228e+05
1.1871e+05
1.1521e+05
1.1178e+05
1.0845e+05
1.0516e+05
1.0193e+05
98798
95736
92723
89787
86902
84099
81368
78735
76129
73604
71131
68719
66378
64107
61894
59750
57670
55682
53682
51763
49906
48110
46379
44702
43082
41521
39993
38530
37099
35733
34420
33157
31953
30787
29652
28564
27527
26534
25576
24666
23797
22962
22157
21382
20645
19942
19278
18638
18029
17446
16877
16335
15823
15330
14862
14414
13994
13578
13174
12788
12418
12066
11730
11407
11097
10793
10499
10210
9934.7
9670.1
9413.4
9171.5
8936.5
8703.5
8473.2
8251.8
8039.9
7832.9
7634.7
7443.5
7256.3
7076.1
6894.1
6719.2
6549.9
6388.4
6231.7
6080
5934.2
5786.9
5645.7
5502.4
5367.3
5237.1
5110.7
4991.2
4873.3
4753.2
4635.6
4523.1
4414.2
4306.3
4203.6
4104.5
4007.7
3910
3812.3
3718.6
3628
3542.3
3457.3
3375.3
3296.9
3214.3
3134.5
3059.1
2985.3
2914.6
2846.6
2783.5
2719
2653
2589.9
2529
2471.3
2416.3
2363.2
2312.6
2262.8
2212.6
2162
2114.6
2069.2
2025.1
1984.1
1944.1
1904.2
1862.5
1822.4
1784.2
1746.3
1710.1
1675.2
1640.7
1607.4
1571.1
1536.1
1502.1
1469.5
1437.5
1406.2
1376
1344.7
1311.7
1281.2
1250.7
1221.3
1192.7
1165.9
1139.1
1111.6
1083.7
1056.7
1030.9
1006.9
983.49
961.24
939.87
918.37
896.05
875.23
855.53
836.54
819.32
803.09
787.66
771.1
754.81
739.9
725.41
711.96
699.3
688.14
676.49
663.87
651.66
640.01
629.11
618.82
608.86
599.47
590.47
580.33
569.45
559.41
549.77
540.36
531.62
522.97
514.54
504.37
494.61
485.31
475.84
466.94
458.35
449.9
441.97
432.27
423.02
414.1
405.73
397.52
389.56
382.06
374.47
365.79
357.89
350.07
342.68
335.61
329.14
322.67
316.16
309.03
302.21
295.77
289.85
284.11
278.72
273.6
268.5
262.61
257.19
252.08
247.17
242.73
238.55
234.6
230.29
225.67
221.45
217.29
213.46
209.87
206.38
203.44
199.84
196.07
192.5
189.19
186.11
183.16
180.45
177.93
174.72
171.76
168.79
166.03
163.42
161.09
158.85
156.79
154.13
151.41
148.83
146.61
144.41
142.36
140.41
138.75
136.28
133.92
131.7
129.69
127.74
125.87
124.18
122.63
120.37
118.36
116.39
114.58
112.9
111.44
109.98
108.62
106.74
104.99
103.38
101.95
100.6
99.391
98.297
97.307
95.7
94.288
92.997
91.793
90.749
89.801
88.938
87.992
86.664
85.482
84.295
83.235
82.254
81.31
80.538
79.538
78.232
76.993
75.844
74.755
73.695
72.719
71.803
70.637
69.352
68.064
66.855
65.709
64.672
63.662
62.731
61.597
60.314
59.105
58.046
57.027
56.099
55.245
54.53
53.54
52.513
51.578
50.714
49.965
49.321
48.738
48.239
47.5
46.784
46.104
45.516
45.001
44.524
44.181
43.875
43.302
42.73
42.221
41.786
41.385
41.046
40.756
40.469
39.997
39.498
39.053
38.653
38.321
38.035
37.793
37.594
37.115
36.718
36.331
36.025
35.779
35.582
35.476
35.363
35.028
34.757
34.56
34.426
34.339
34.329
34.379
34.4
34.269
34.168
34.131
34.148
34.239
34.363
34.537
34.657
34.586
34.55
34.587
34.641
34.735
34.859
35.041
35.072
34.94
34.837
0
