-7.9478
-7.9317
-7.9156
-7.8995
-7.8834
-7.8673
-7.8513
-7.8352
-7.8191
-7.803
-7.7869
-7.7708
-7.7547
-7.7386
-7.7225
-7.7064
-7.6903
-7.6742
-7.6581
-7.642
-7.626
-7.6099
-7.5938
-7.5777
-7.5616
-7.5455
-7.5294
-7.5133
-7.4972
-7.4811
-7.465
-7.4489
-7.4328
-7.4167
-7.4007
-7.3846
-7.3685
-7.3524
-7.3363
-7.3202
-7.3041
-7.288
-7.2719
-7.2558
-7.2397
-7.2236
-7.2075
-7.1914
-7.1754
-7.1593
-7.1432
-7.1271
-7.111
-7.0949
-7.0788
-7.0627
-7.0466
-7.0305
-7.0144
-6.9983
-6.9822
-6.9661
-6.9501
-6.934
-6.9179
-6.9018
-6.8857
-6.8696
-6.8535
-6.8374
-6.8213
-6.8052
-6.7891
-6.773
-6.7569
-6.7409
-6.7248
-6.7087
-6.6926
-6.6765
-6.6604
-6.6443
-6.6282
-6.6121
-6.596
-6.5799
-6.5638
-6.5477
-6.5316
-6.5156
-6.4995
-6.4834
-6.4673
-6.4512
-6.4351
-6.419
-6.4029
-6.3868
-6.3707
-6.3546
-6.3385
-6.3224
-6.3063
-6.2903
-6.2742
-6.2581
-6.242
-6.2259
-6.2098
-6.1937
-6.1776
-6.1615
-6.1454
-6.1293
-6.1132
-6.0971
-6.081
-6.065
-6.0489
-6.0328
-6.0167
-6.0006
-5.9845
-5.9684
-5.9523
-5.9362
-5.9201
-5.904
-5.8879
-5.8718
-5.8557
-5.8397
-5.8236
-5.8075
-5.7914
-5.7753
-5.7592
-5.7431
-5.727
-5.7109
-5.6948
-5.6787
-5.6626
-5.6465
-5.6304
-5.6144
-5.5983
-5.5822
-5.5661
-5.55
-5.5339
-5.5178
-5.5017
-5.4856
-5.4695
-5.4534
-5.4373
-5.4212
-5.4051
-5.3891
-5.373
-5.3569
-5.3408
-5.3247
-5.3086
-5.2925
-5.2764
-5.2603
-5.2442
-5.2281
-5.212
-5.1959
-5.1798
-5.1638
-5.1477
-5.1316
-5.1155
-5.0994
-5.0833
-5.0672
-5.0511
-5.035
-5.0189
-5.0028
-4.9867
-4.9706
-4.9545
-4.9385
-4.9224
-4.9063
-4.8902
-4.8741
-4.858
-4.8419
-4.8258
-4.8097
-4.7936
-4.7775
-4.7614
-4.7453
-4.7293
-4.7132
-4.6971
-4.681
-4.6649
-4.6488
-4.6327
-4.6166
-4.6005
-4.5844
-4.5683
-4.5522
-4.5361
-4.52
-4.504
-4.4879
-4.4718
-4.4557
-4.4396
-4.4235
-4.4074
-4.3913
-4.3752
-4.3591
-4.343
-4.3269
-4.3108
-4.2947
-4.2787
-4.2626
-4.2465
-4.2304
-4.2143
-4.1982
-4.1821
-4.166
-4.1499
-4.1338
-4.1177
-4.1016
-4.0855
-4.0694
-4.0534
-4.0373
-4.0212
-4.0051
-3.989
-3.9729
-3.9568
-3.9407
-3.9246
-3.9085
-3.8924
-3.8763
-3.8602
-3.8441
-3.8281
-3.812
-3.7959
-3.7798
-3.7637
-3.7476
-3.7315
-3.7154
-3.6993
-3.6832
-3.6671
-3.651
-3.6349
-3.6188
-3.6028
-3.5867
-3.5706
-3.5545
-3.5384
-3.5223
-3.5062
-3.4901
-3.474
-3.4579
-3.4418
-3.4257
-3.4096
-3.3935
-3.3775
-3.3614
-3.3453
-3.3292
-3.3131
-3.297
-3.2809
-3.2648
-3.2487
-3.2326
-3.2165
-3.2004
-3.1843
-3.1682
-3.1522
-3.1361
-3.12
-3.1039
-3.0878
-3.0717
-3.0556
-3.0395
-3.0234
-3.0073
-2.9912
-2.9751
-2.959
-2.9429
-2.9269
-2.9108
-2.8947
-2.8786
-2.8625
-2.8464
-2.8303
-2.8142
-2.7981
-2.782
-2.7659
-2.7498
-2.7337
-2.7177
-2.7016
-2.6855
-2.6694
-2.6533
-2.6372
-2.6211
-2.605
-2.5889
-2.5728
-2.5567
-2.5406
-2.5245
-2.5084
-2.4924
-2.4763
-2.4602
-2.4441
-2.428
-2.4119
-2.3958
-2.3797
-2.3636
-2.3475
-2.3314
-2.3153
-2.2992
-2.2831
-2.2671
-2.251
-2.2349
-2.2188
-2.2027
-2.1866
-2.1705
-2.1544
-2.1383
-2.1222
-2.1061
-2.09
-2.0739
-2.0578
-2.0418
-2.0257
-2.0096
-1.9935
-1.9774
-1.9613
-1.9452
-1.9291
-1.913
-1.8969
-1.8808
-1.8647
-1.8486
-1.8325
-1.8165
-1.8004
-1.7843
-1.7682
-1.7521
-1.736
-1.7199
-1.7038
-1.6877
-1.6716
-1.6555
-1.6394
-1.6233
-1.6072
-1.5912
-1.5751
-1.559
-1.5429
-1.5268
-1.5107
-1.4946
-1.4785
-1.4624
-1.4463
-1.4302
-1.4141
-1.398
-1.3819
-1.3659
-1.3498
-1.3337
-1.3176
-1.3015
-1.2854
-1.2693
-1.2532
-1.2371
-1.221
-1.2049
-1.1888
-1.1727
-1.1566
-1.1406
-1.1245
-1.1084
-1.0923
-1.0762
-1.0601
-1.044
-1.0279
-1.0118
-0.99572
-0.97962
-0.96353
-0.94744
-0.93134
-0.91525
-0.89916
-0.88307
-0.86697
-0.85088
-0.83479
-0.8187
-0.8026
-0.78651
-0.77042
-0.75432
-0.73823
-0.72214
-0.70605
-0.68995
-0.67386
-0.65777
-0.64167
-0.62558
-0.60949
-0.5934
-0.5773
-0.56121
-0.54512
-0.52902
-0.51293
-0.49684
-0.48075
-0.46465
-0.44856
-0.43247
-0.41638
-0.40028
-0.38419
-0.3681
-0.352
-0.33591
-0.31982
-0.30373
-0.28763
-0.27154
-0.25545
-0.23935
-0.22326
-0.20717
-0.19108
-0.17498
-0.15889
-0.1428
-0.1267
-0.11061
-0.094519
-0.078426
-0.062333
-0.046241
-0.030148
-0.014055
0.0020378
0.018131
0.034223
0.050316
0.066409
0.082502
0.098595
0.11469
0.13078
0.14687
0.16297
0.17906
0.19515
0.21124
0.22734
0.24343
0.25952
0.27562
0.29171
0.3078
0.32389
0.33999
0.35608
0.37217
0.38826
0.40436
0.42045
0.43654
0.45264
0.46873
0.48482
0.50091
0.51701
0.5331
0.54919
0.56529
0.58138
0.59747
0.61356
0.62966
0.64575
0.66184
0.67794
0.69403
0.71012
0.72621
0.74231
0.7584
0.77449
0.79058
0.80668
0.82277
0.83886
0.85496
0.87105
0.88714
0.90323
0.91933
0.93542
0.95151
0.96761
0.9837
0.99979
1.0159
1.032
1.0481
1.0642
1.0803
1.0963
1.1124
1.1285
1.1446
1.1607
1.1768
1.1929
1.209
1.2251
1.2412
1.2573
1.2734
1.2895
1.3055
1.3216
1.3377
1.3538
1.3699
1.386
1.4021
1.4182
1.4343
1.4504
1.4665
1.4826
1.4987
1.5148
1.5308
1.5469
1.563
1.5791
1.5952
1.6113
1.6274
1.6435
1.6596
1.6757
1.6918
1.7079
1.724
1.7401
1.7561
1.7722
1.7883
1.8044
1.8205
1.8366
1.8527
1.8688
1.8849
1.901
1.9171
1.9332
1.9493
1.9654
1.9814
1.9975
2.0136
2.0297
2.0458
2.0619
2.078
2.0941
2.1102
2.1263
2.1424
2.1585
2.1746
2.1907
2.2067
2.2228
2.2389
2.255
2.2711
2.2872
2.3033
2.3194
2.3355
2.3516
2.3677
2.3838
2.3999
2.416
2.432
2.4481
2.4642
2.4803
2.4964
2.5125
2.5286
2.5447
2.5608
2.5769
2.593
2.6091
2.6252
2.6413
2.6573
2.6734
2.6895
2.7056
2.7217
2.7378
2.7539
2.77
2.7861
2.8022
2.8183
2.8344
2.8505
2.8666
2.8826
2.8987
2.9148
2.9309
2.947
2.9631
2.9792
2.9953
3.0114
3.0275
3.0436
3.0597
3.0758
3.0919
3.1079
3.124
3.1401
3.1562
3.1723
3.1884
3.2045
3.2206
3.2367
3.2528
3.2689
3.285
3.3011
3.3172
3.3332
3.3493
3.3654
3.3815
3.3976
3.4137
3.4298
3.4459
3.462
3.4781
3.4942
3.5103
3.5264
3.5424
3.5585
3.5746
3.5907
3.6068
3.6229
3.639
3.6551
3.6712
3.6873
3.7034
3.7195
3.7356
3.7517
3.7677
3.7838
3.7999
3.816
3.8321
3.8482
3.8643
3.8804
3.8965
3.9126
3.9287
3.9448
3.9609
3.977
3.993
4.0091
4.0252
4.0413
4.0574
4.0735
4.0896
4.1057
4.1218
4.1379
4.154
4.1701
4.1862
4.2023
4.2183
4.2344
4.2505
4.2666
4.2827
4.2988
4.3149
4.331
4.3471
4.3632
4.3793
4.3954
4.4115
4.4276
4.4436
4.4597
4.4758
4.4919
4.508
4.5241
4.5402
4.5563
4.5724
4.5885
4.6046
4.6207
4.6368
4.6529
4.6689
4.685
4.7011
4.7172
4.7333
4.7494
4.7655
4.7816
4.7977
4.8138
4.8299
4.846
4.8621
4.8782
4.8942
4.9103
4.9264
4.9425
4.9586
4.9747
4.9908
5.0069
5.023
5.0391
5.0552
5.0713
5.0874
5.1035
5.1195
5.1356
5.1517
5.1678
5.1839
5.2
5.2161
5.2322
5.2483
5.2644
5.2805
5.2966
5.3127
5.3288
5.3448
5.3609
5.377
5.3931
5.4092
5.4253
5.4414
5.4575
5.4736
5.4897
5.5058
5.5219
5.538
5.554
5.5701
5.5862
5.6023
5.6184
5.6345
5.6506
5.6667
5.6828
5.6989
5.715
5.7311
5.7472
5.7633
5.7793
5.7954
5.8115
5.8276
5.8437
5.8598
5.8759
5.892
5.9081
5.9242
5.9403
5.9564
5.9725
5.9886
6.0046
6.0207
6.0368
6.0529
6.069
6.0851
6.1012
6.1173
6.1334
6.1495
6.1656
6.1817
6.1978
6.2139
6.2299
6.246
6.2621
6.2782
6.2943
6.3104
6.3265
6.3426
6.3587
6.3748
6.3909
6.407
6.4231
6.4392
6.4552
6.4713
6.4874
6.5035
6.5196
6.5357
6.5518
6.5679
6.584
6.6001
6.6162
6.6323
6.6484
6.6645
6.6805
6.6966
6.7127
6.7288
6.7449
6.761
6.7771
6.7932
6.8093
6.8254
6.8415
6.8576
6.8737
6.8898
6.9058
6.9219
6.938
6.9541
6.9702
6.9863
7.0024
7.0185
7.0346
7.0507
7.0668
7.0829
7.099
7.1151
7.1311
7.1472
7.1633
7.1794
7.1955
7.2116
7.2277
7.2438
7.2599
7.276
7.2921
7.3082
7.3243
7.3404
7.3564
7.3725
7.3886
7.4047
7.4208
7.4369
7.453
7.4691
7.4852
7.5013
7.5174
7.5335
7.5496
7.5656
7.5817
7.5978
7.6139
7.63
7.6461
7.6622
7.6783
7.6944
7.7105
7.7266
7.7427
7.7588
7.7749
7.7909
7.807
7.8231
7.8392
7.8553
7.8714
7.8875
7.9036
7.9197
7.9358
7.9519
7.968
7.9841
8.0002
8.0162
8.0323
0
