286.66
289.91
293.33
296.2
299.18
301.93
304.97
308.15
311.18
315
318.76
321.92
324.86
327.99
331.47
334.89
338.58
342.42
347.02
349.93
353.23
356.74
360.35
364.36
368.5
372.78
377.3
381
385.16
388.74
392.91
397.3
401.72
406.84
411.83
415.93
420.18
424.83
429.7
434.41
439.61
445.04
450.32
455.39
460.12
465.22
470.51
476.41
482.11
488.08
494.22
499.36
504.62
510.69
516.59
522.83
529.23
536.53
542.79
548.63
554.72
560.86
567.55
574.69
581.85
589.34
596.44
603.48
609.87
616.94
624.29
631.53
639.9
648.24
656.11
663.33
670.93
679.11
687.06
695.61
704.46
712.99
722.49
730.61
739.16
747.94
757.48
767.14
777.05
787.49
797.04
805.79
816.4
826.54
837.15
847.94
859.97
871.62
882.57
893.41
904.27
915.89
928.77
941.44
954.65
967.91
981.21
993.41
1006.5
1020
1033.2
1048.4
1063.9
1079.6
1093.7
1107.9
1123.5
1138.8
1154.9
1171.4
1190
1206.5
1222.3
1238.8
1255.5
1273.1
1291.6
1310.1
1329.3
1348.7
1368
1385.1
1404
1423.5
1443
1464.3
1485.6
1506.9
1526.5
1547
1568.6
1589.2
1611.3
1634
1656.3
1680.9
1702.2
1724.5
1747.3
1771.7
1795.9
1820.4
1846.1
1871.2
1894.3
1920.4
1945.6
1971.9
1998.6
2027.8
2055.5
2083.3
2110.4
2137.6
2166.2
2196.9
2227.3
2258.9
2290.9
2324.4
2354.1
2386.2
2419.2
2452.2
2488.4
2525.4
2563
2599.2
2635.2
2674
2711.8
2751.8
2793
2833.4
2880
2922.2
2964.9
3008.7
3054.8
3102.3
3150.2
3200.3
3251.6
3298.2
3351.8
3403.5
3457
3511.3
3569.5
3627.4
3687.3
3744.6
3802.1
3861.2
3926.2
3990
4055.6
4121.6
4193.5
4258.2
4326
4395.5
4469.3
4542.3
4615.7
4692.7
4770.9
4844.8
4925
5003.4
5084.7
5167.6
5256.9
5341.4
5428.9
5514.7
5601.7
5691.4
5785.3
5879
5975.5
6073.6
6178.1
6270.9
6370.5
6472.5
6575
6683.6
6793.7
6905.6
7017.6
7128.5
7245.7
7358.8
7478
7600.1
7721.8
7854.5
7981.5
8109.1
8239.5
8375.5
8513.9
8652.7
8797.3
8945.2
9087.7
9242.1
9393.3
9549.4
9708.3
9876.5
10043
10215
10386
10558
10734
10921
11108
11301
11496
11705
11901
12105
12315
12525
12747
12976
13207
13445
13678
13924
14167
14419
14677
14934
15213
15491
15767
16047
16336
16635
16935
17245
17560
17870
18207
18535
18872
19214
19570
19930
20297
20671
21047
21441
21820
22219
22627
23038
23473
23902
24335
24777
25234
25698
26160
26640
27130
27618
28128
28633
29152
29679
30230
30773
31330
31895
32463
33040
33640
34240
34854
35476
36131
36756
37402
38060
38723
39406
40103
40805
41521
42237
42979
43704
44453
45213
45973
46770
47565
48363
49167
49988
50823
51654
52505
53367
54220
55118
55997
56890
57791
58715
59637
60569
61514
62453
63392
64375
65345
66326
67310
68328
69325
70330
71343
72353
73383
74435
75480
76534
77584
78661
79713
80783
81858
82919
84026
85127
86224
87317
88413
89531
90633
91747
92863
94021
95112
96229
97351
98470
99604
1.0074e+05
1.0187e+05
1.03e+05
1.0413e+05
1.0529e+05
1.0639e+05
1.0752e+05
1.0865e+05
1.0977e+05
1.1091e+05
1.1204e+05
1.1316e+05
1.1428e+05
1.1541e+05
1.1653e+05
1.1763e+05
1.1874e+05
1.1985e+05
1.2094e+05
1.2206e+05
1.2315e+05
1.2423e+05
1.2531e+05
1.264e+05
1.2747e+05
1.2853e+05
1.2959e+05
1.3064e+05
1.3167e+05
1.3272e+05
1.3374e+05
1.3476e+05
1.3577e+05
1.3679e+05
1.3777e+05
1.3875e+05
1.3971e+05
1.4067e+05
1.4161e+05
1.4256e+05
1.4348e+05
1.444e+05
1.4529e+05
1.462e+05
1.4706e+05
1.4792e+05
1.4876e+05
1.4958e+05
1.5041e+05
1.5122e+05
1.5201e+05
1.5278e+05
1.5354e+05
1.5428e+05
1.55e+05
1.5571e+05
1.564e+05
1.5706e+05
1.5774e+05
1.5838e+05
1.59e+05
1.596e+05
1.6019e+05
1.6076e+05
1.6131e+05
1.6184e+05
1.6235e+05
1.6284e+05
1.6332e+05
1.6378e+05
1.6421e+05
1.6463e+05
1.6503e+05
1.6541e+05
1.6577e+05
1.661e+05
1.6642e+05
1.6671e+05
1.67e+05
1.6726e+05
1.675e+05
1.6771e+05
1.6791e+05
1.6809e+05
1.6825e+05
1.6838e+05
1.685e+05
1.686e+05
1.6867e+05
1.6873e+05
1.6876e+05
1.6878e+05
1.6877e+05
1.6874e+05
1.687e+05
1.6863e+05
1.6854e+05
1.6844e+05
1.6831e+05
1.6816e+05
1.6799e+05
1.678e+05
1.6759e+05
1.6736e+05
1.6711e+05
1.6684e+05
1.6654e+05
1.6624e+05
1.6591e+05
1.6556e+05
1.6519e+05
1.648e+05
1.6439e+05
1.6397e+05
1.6352e+05
1.6305e+05
1.6256e+05
1.6206e+05
1.6154e+05
1.6099e+05
1.6044e+05
1.5985e+05
1.5926e+05
1.5864e+05
1.5801e+05
1.5735e+05
1.5668e+05
1.56e+05
1.553e+05
1.5459e+05
1.5386e+05
1.531e+05
1.5233e+05
1.5155e+05
1.5075e+05
1.4993e+05
1.4911e+05
1.4827e+05
1.4742e+05
1.4655e+05
1.4567e+05
1.4476e+05
1.4386e+05
1.4294e+05
1.4201e+05
1.4105e+05
1.401e+05
1.3913e+05
1.3815e+05
1.3718e+05
1.3617e+05
1.3516e+05
1.3415e+05
1.3312e+05
1.3209e+05
1.3103e+05
1.2999e+05
1.2893e+05
1.2787e+05
1.2682e+05
1.2573e+05
1.2465e+05
1.2356e+05
1.2246e+05
1.2136e+05
1.2025e+05
1.1915e+05
1.1804e+05
1.1693e+05
1.1584e+05
1.1469e+05
1.1356e+05
1.1244e+05
1.1132e+05
1.1018e+05
1.0905e+05
1.0793e+05
1.068e+05
1.0567e+05
1.0455e+05
1.0339e+05
1.0226e+05
1.0113e+05
1.0001e+05
98863
97744
96614
95488
94349
93227
92127
91016
89909
88811
87682
86586
85488
84398
83288
82223
81155
80079
79011
77949
76879
75832
74789
73758
72701
71696
70675
69661
68664
67661
66669
65693
64724
63755
62775
61839
60898
59966
59058
58130
57232
56329
55438
54552
53677
52827
51979
51143
50332
49483
48671
47866
47076
46284
45518
44762
44012
43267
42539
41799
41087
40384
39697
39002
38339
37669
37012
36373
35735
35103
34490
33887
33295
32689
32114
31542
30982
30444
29893
29361
28835
28316
27806
27300
26813
26332
25863
25417
24940
24488
24044
23612
23182
22764
22358
21959
21561
21156
20785
20410
20044
19689
19331
18991
18648
18311
17978
17653
17345
17038
16738
16452
16148
15862
15581
15307
15032
14772
14519
14270
14019
13775
13529
13296
13067
12846
12619
12413
12197
11987
11784
11583
11385
11194
11008
10827
10635
10459
10283
10112
9947.7
9780
9620
9461.9
9302.6
9146.5
8991.5
8845.9
8700.9
8559.8
8426.6
8282.8
8145.2
8009.9
7878.6
7747.5
7621.6
7499.8
7379.8
7260.2
7142.8
7020
6905.2
6792.7
6684.2
6573.6
6470.9
6365.4
6259.8
6158.7
6058.5
5957.6
5862.1
5768.7
5679.5
5583
5492.9
5403
5315.7
5233.3
5148.1
5066
4987.2
4906.6
4827.5
4747.4
4672.8
4599.1
4527.7
4453.5
4389.5
4319.7
4250.7
4184.4
4118.9
4054.8
3993.8
3934.1
3876.7
3811.9
3756.1
3698.8
3643
3590
3535.9
3485.1
3435.6
3383.3
3332
3281.1
3235.1
3188.7
3143.7
3101.5
3056.1
3011.6
2967.6
2925.2
2882.5
2842.4
2804.2
2766.3
2728.7
2690.4
2650
2613
2576.6
2541.7
2505.5
2473.3
2439.8
2404.6
2371
2337.8
2304.4
2273
2242.3
2212.9
2180.3
2150.1
2119.2
2089.2
2060.8
2031.6
2003.5
1976.5
1948.5
1919.9
1890.8
1864.3
1837.8
1812
1788.1
1762.1
1736.6
1710.5
1685.3
1660.3
1636
1613.1
1590.5
1568.6
1546.6
1521.6
1499
1476.9
1455.8
1434.3
1414.4
1395.1
1374.2
1353.8
1334.1
1313.7
1294.9
1276.7
1259.6
1241.6
1223.6
1205.4
1188
1170.2
1154
1138.8
1123.7
1109.1
1093.3
1076.8
1061.9
1047.3
1033.4
1018.8
1006.5
994.06
979.98
966.57
953.54
940.59
928.65
917.01
905.99
893.71
882.44
870.68
859.31
848.69
837.85
827.66
817.99
808.14
797.35
786.31
776.86
767.21
757.93
749.42
740.2
731.43
721.74
712.47
703.23
694.43
686.39
678.36
670.67
662.95
653.54
645.21
637.06
629.33
621.35
614.3
607.43
599.86
592.04
584.55
576.78
569.75
562.93
556.57
549.72
543.15
535.97
529.09
522.73
516.25
509.98
504.18
498.63
492.45
485.62
479.74
473.87
468.29
463.31
457.82
452.95
447.25
441.66
436.25
430.93
426.18
421.52
417.15
413.41
407.77
402.87
398.16
393.79
389.37
385.34
381.57
377.92
373.34
368.57
364.87
360.96
357.24
353.86
350.23
347.06
342.98
339.12
335.25
331.64
328.54
325.38
322.38
319.5
315.46
312.01
308.61
305.41
302.05
299.25
296.56
293.6
290.15
286.87
283.49
280.48
277.55
274.82
271.81
269.18
265.85
262.65
0
