110.21
111.84
113.58
115.01
116.37
117.7
119.17
120.73
122.3
124.13
125.99
127.47
128.81
130.25
131.82
133.42
135.15
136.96
139.06
140.38
141.78
143.28
144.86
146.62
148.45
150.39
152.45
153.98
155.63
157.17
158.95
160.86
162.86
165.15
167.45
169.14
170.94
172.95
175.1
177.28
179.7
182.3
184.92
187.11
189.28
191.66
194.21
197.06
199.92
202.98
206.12
208.62
211.26
214.24
217.26
220.5
223.9
227.7
231.11
234.05
237.17
240.42
243.92
247.65
251.48
255.51
259.3
262.76
266.07
269.68
273.46
277.31
281.58
285.93
289.91
293.4
297.1
301.04
304.99
309.21
313.63
318.05
322.47
326.18
330.14
334.27
338.75
343.35
348.14
353.21
357.64
361.64
366.35
371
375.95
381.09
386.78
392.44
397.43
402.29
407.31
412.7
418.64
424.67
431.01
437.55
443.52
449.07
455.07
461.37
467.72
474.84
482.22
489.81
496.14
502.59
509.61
516.64
524.08
531.81
540.38
548.38
555.24
562.44
569.88
577.76
586
594.41
603.21
612.11
620.14
627.58
635.74
644.27
653
662.5
672.11
681.73
690.09
698.94
708.35
717.65
727.67
738.16
748.84
760.16
769.78
780.06
790.83
802.46
814.33
826.64
839.74
852.52
864.2
877.27
890.43
904.34
918.84
934.62
950.29
965.73
980.61
996.03
1012.3
1029.6
1047.4
1065.9
1085
1104.2
1121.7
1140.4
1159.9
1179.7
1200.9
1222.8
1245.2
1266.3
1287.1
1309.1
1331
1353.9
1377.5
1401
1427
1450.1
1473.2
1496.8
1521.5
1546.8
1572.4
1598.9
1626.1
1650.1
1676.5
1702.3
1729
1756.2
1785.1
1814
1844
1871.3
1899
1927.5
1958.6
1989.6
2021.8
2054.7
2090.1
2121.2
2154.2
2188.4
2224.9
2261.8
2299.7
2339.7
2380.7
2419.1
2460.5
2502.3
2546.3
2591.9
2640.9
2689.4
2739.4
2788.1
2838.4
2890.9
2946.2
3002.7
3061.5
3122.3
3185.8
3244.3
3306.6
3371.1
3437.2
3506.8
3578.3
3651.7
3725.2
3797.6
3873.6
3949.3
4028.5
4110.1
4192.8
4280.9
4366
4450.8
4537.8
4628.1
4720.4
4814.1
4911.1
5010.5
5106.7
5207.1
5307.2
5410.4
5516
5626.5
5737.5
5851.9
5964.5
6077.3
6193
6315
6438.1
6565
6694.7
6831.9
6961.7
7095.5
7233.4
7373.9
7521
7673.3
7828.8
7989.1
8145.5
8309.5
8474.5
8646.2
8823.3
9002.8
9195
9389.8
9581
9777.9
9981.7
10193
10409
10633
10864
11095
11337
11580
11830
12088
12356
12631
12915
13205
13496
13800
14104
14423
14751
15088
15441
15796
16155
16525
16909
17304
17706
18124
18555
18990
19441
19897
20369
20855
21362
21876
22407
22949
23499
24064
24653
25254
25874
26511
27176
27837
28517
29216
29932
30674
31438
32219
33023
33835
34674
35521
36396
37294
38208
39161
40129
41108
42106
43130
44181
45248
46343
47462
48594
49764
50939
52139
53363
54619
55894
57193
58518
59848
61194
62590
63994
65425
66875
68366
69864
71372
72904
74452
76032
77648
79276
80927
82592
84285
85980
87703
89448
91198
93004
94822
96651
98483
1.0033e+05
1.0222e+05
1.0411e+05
1.0603e+05
1.0796e+05
1.0993e+05
1.1189e+05
1.1385e+05
1.1584e+05
1.1784e+05
1.1986e+05
1.2191e+05
1.2396e+05
1.2602e+05
1.2809e+05
1.3018e+05
1.3225e+05
1.3435e+05
1.3646e+05
1.3857e+05
1.407e+05
1.4284e+05
1.4497e+05
1.471e+05
1.4924e+05
1.5139e+05
1.5352e+05
1.5567e+05
1.5782e+05
1.5996e+05
1.6212e+05
1.6424e+05
1.6637e+05
1.685e+05
1.7063e+05
1.7274e+05
1.7485e+05
1.7696e+05
1.7904e+05
1.811e+05
1.8318e+05
1.8523e+05
1.8727e+05
1.893e+05
1.9133e+05
1.9332e+05
1.9529e+05
1.9725e+05
1.9918e+05
2.0111e+05
2.0302e+05
2.0491e+05
2.0677e+05
2.0861e+05
2.1044e+05
2.1223e+05
2.14e+05
2.1574e+05
2.1745e+05
2.1916e+05
2.2084e+05
2.2249e+05
2.241e+05
2.2568e+05
2.2724e+05
2.2877e+05
2.3027e+05
2.3174e+05
2.3316e+05
2.3459e+05
2.3596e+05
2.373e+05
2.386e+05
2.3987e+05
2.4111e+05
2.4231e+05
2.4348e+05
2.446e+05
2.4568e+05
2.4674e+05
2.4775e+05
2.4872e+05
2.4965e+05
2.5055e+05
2.514e+05
2.522e+05
2.5297e+05
2.5368e+05
2.5436e+05
2.55e+05
2.5559e+05
2.5613e+05
2.5663e+05
2.5708e+05
2.5749e+05
2.5784e+05
2.5816e+05
2.5842e+05
2.5864e+05
2.5881e+05
2.5894e+05
2.5901e+05
2.5904e+05
2.5902e+05
2.5895e+05
2.5883e+05
2.5867e+05
2.5846e+05
2.5821e+05
2.579e+05
2.5755e+05
2.5716e+05
2.5671e+05
2.5623e+05
2.5569e+05
2.5512e+05
2.545e+05
2.5383e+05
2.5312e+05
2.5237e+05
2.5158e+05
2.5075e+05
2.4987e+05
2.4895e+05
2.48e+05
2.47e+05
2.4596e+05
2.4488e+05
2.4377e+05
2.4262e+05
2.4144e+05
2.4022e+05
2.3896e+05
2.3766e+05
2.3633e+05
2.3497e+05
2.3357e+05
2.3214e+05
2.3068e+05
2.2919e+05
2.2767e+05
2.2613e+05
2.2453e+05
2.2291e+05
2.2127e+05
2.196e+05
2.179e+05
2.1618e+05
2.1444e+05
2.1266e+05
2.1086e+05
2.0904e+05
2.0719e+05
2.0532e+05
2.0343e+05
2.0153e+05
1.9959e+05
1.9765e+05
1.9568e+05
1.937e+05
1.9171e+05
1.8969e+05
1.8765e+05
1.8562e+05
1.8357e+05
1.815e+05
1.7941e+05
1.7732e+05
1.7523e+05
1.7312e+05
1.7104e+05
1.689e+05
1.6678e+05
1.6465e+05
1.6252e+05
1.6039e+05
1.5825e+05
1.5612e+05
1.5399e+05
1.5187e+05
1.4976e+05
1.476e+05
1.4547e+05
1.4335e+05
1.4124e+05
1.3912e+05
1.3702e+05
1.3494e+05
1.3285e+05
1.3077e+05
1.2871e+05
1.2662e+05
1.2457e+05
1.2253e+05
1.2052e+05
1.185e+05
1.1649e+05
1.145e+05
1.1251e+05
1.1054e+05
1.0859e+05
1.0667e+05
1.0475e+05
1.0286e+05
1.0098e+05
99084
97230
95392
93576
91771
89999
88249
86501
84774
83070
81378
79719
78082
76472
74871
73297
71738
70203
68698
67210
65748
64314
62906
61507
60122
58778
57454
56156
54890
53634
52413
51199
50011
48847
47706
46596
45508
44446
43413
42370
41364
40380
39421
38480
37566
36676
35802
34940
34101
33273
32475
31695
30939
30195
29474
28758
28063
27389
26729
26085
25463
24857
24265
23674
23106
22553
22016
21498
20987
20495
20011
19535
19074
18623
18190
17769
17361
16970
16574
16191
15819
15460
15111
14773
14447
14131
13817
13506
13212
12924
12646
12377
12114
11862
11610
11363
11123
10891
10668
10451
10241
10039
9830.2
9630.2
9435.4
9246.7
9061.8
8884.2
8712.2
8544.5
8372.8
8206.1
8042.2
7884.6
7730.8
7581.6
7434.1
7292.9
7146.8
7004.3
6866.1
6730.5
6598.3
6470.2
6345.2
6222.3
6094.2
5972.3
5852.4
5735.7
5622.8
5511
5403.4
5296.5
5187.6
5081.5
4977.7
4878.3
4781.1
4686.7
4596
4503.3
4411.1
4321.5
4234.8
4150.1
4068.7
3990.2
3914.1
3837.9
3761.5
3686.6
3615.1
3546
3479.5
3414.4
3352.8
3290.1
3227.4
3167.2
3108.7
3052.2
2998.1
2946
2896
2843.5
2792.6
2743
2695.3
2649.5
2604.5
2561.5
2520
2476.6
2433.6
2391.4
2351.4
2312.3
2274.6
2237.1
2202.2
2164.4
2126.9
2090.7
2055.3
2020.9
1987.8
1955.5
1924.3
1889.4
1856.6
1824.3
1792.8
1762.4
1732.4
1703.7
1675.6
1645
1615.2
1586
1558.4
1531.4
1505.3
1480.1
1454.8
1428.1
1402.2
1377.2
1352.9
1329.5
1307.3
1285.8
1264.4
1241.7
1219.5
1198.6
1178.3
1159
1140.1
1122.5
1104.7
1085.7
1067.7
1050.2
1033.5
1017.7
1002.5
988.04
972.77
957.29
942.25
927.84
914.12
900.76
888.12
876.03
863.23
849.83
836.75
824.5
812.6
801.17
790.25
779.51
768.04
756.1
744.6
733.4
722.62
712.35
702.38
692.79
682.08
671.03
660.48
650.26
640.44
630.81
621.7
612.91
602.89
592.91
583.2
573.89
564.97
556.39
548.21
540.17
531.15
522.24
513.7
505.44
497.59
490.23
483.13
476.38
468.4
460.66
453.43
446.5
439.94
433.56
427.72
422.05
415.32
408.95
402.86
397.09
391.68
386.55
381.73
376.76
371.25
365.91
360.84
356.06
351.45
347.16
343.12
338.93
334.07
329.34
325
320.8
316.81
313.04
309.37
305.53
301.11
296.87
292.78
288.87
285.2
281.65
278.28
274.53
270.3
266.3
262.44
258.76
255.17
251.8
248.59
244.92
240.97
237.15
233.5
230.04
226.72
223.58
220.51
217.08
213.44
209.98
206.69
203.52
200.56
197.75
195.11
191.97
188.72
185.73
182.87
180.17
177.64
175.23
173.02
170.28
167.57
165.01
162.59
160.37
158.27
156.32
154.5
152.13
149.87
147.75
145.76
143.88
142.16
140.57
139.06
137.02
135.04
133.28
131.59
130.01
128.55
127.16
125.84
124.03
122.33
120.72
119.2
117.82
116.51
115.29
114.02
112.34
110.79
109.32
107.94
106.61
105.4
104.28
103.04
101.49
100.02
98.637
97.348
96.131
94.999
93.909
92.726
91.29
89.934
0
