0
0.00027639
0.00025572
0.00067262
0.00034344
0.00071737
0.00099628
0.0022056
0.0023423
0.0031387
0.0029089
0.0039677
0.0041465
0.0039586
0.0045106
0.0047132
0.0058189
0.006407
0.0072958
0.007514
0.010912
0.0084522
0.0080601
0.0096865
0.0079883
0.0073224
0.0085562
0.0072541
0.0075337
0.0051899
0.0062338
0.0051344
0.0045651
0.0043006
0.0037241
0.0044163
0.0031639
0.0049989
0.0033927
0.0053748
0.0051331
0.0072295
0.0065931
0.010957
0.0089892
0.012808
0.010437
0.013963
0.013616
0.012515
0.011579
0.012967
0.011426
0.0093865
0.0098968
0.007293
0.008065
0.0059859
0.0069853
0.0058301
0.0067712
0.0062599
0.007086
0.006981
0.0074334
0.0073168
0.0085989
0.0076387
0.0088852
0.0082441
0.0089205
0.0084649
0.009503
0.0077891
0.0087837
0.008915
0.0078393
0.0096232
0.0076726
0.0089339
0.0084664
0.0094474
0.0070754
0.010078
0.0066259
0.0098145
0.0064885
0.008554
0.0068487
0.0084501
0.0067744
0.0070083
0.0076496
0.0060612
0.0077876
0.0052584
0.0079406
0.005518
0.0080388
0.0053531
0.0083339
0.0054552
0.0085792
0.0054123
0.0083303
0.0055719
0.0081513
0.0051113
0.0082822
0.0064301
0.0060281
0.0070084
0.005409
0.0070363
0.004912
0.006632
0.0046507
0.0065709
0.004204
0.0061119
0.0042534
0.0059957
0.0040124
0.0061422
0.0040703
0.0061716
0.00029362
0
0
0
0
0
0
0
0
0
0
0
0
0
0
0
0
0
0
0
0
0
0
0
0
0
0
0
0
0
0
0
0
0
0
0
0
0
0
0
0
0
0
0
0
0
0
0
0
0
0
0
0
0
0
0
0
0
0
0
0
0
0
0
0
0
0
0
0
0
0
0
0
0
0
0
0
0
0
0
0
0
0
0
0
0
0
0
0
0
0
0
0
0
0
0
0
0
0
0
0
0
0
0
0
0
0
0
0
0
0
0
0
0
0
0
0
0
0
0
0
0
0
0
0
0
0
0
0
0
0
0
0
0
0
0
0
0
0
0
0
0
0
0
0
0
0
0
0
0
0
0
0
0
0
0
0
0
0
0
0
0
0
0
0
0
0
0
0
0
0
0
0
0
0
0
0
0
0
0
0
0
0
0
0
0
0
0
0
0
0
0
0
0
0
0
0
0
0
0
0
0
0
0
0
0
0
0
0
0
0
0
0
0
0
0
0
0
0
0
0
0
0
0
0
0
0
0
0
0
0
0
0
0
0
0
0
0
0
0
0
0
0
0
0
0
0
0
0
0
0
0
0
0
0
0
0
0
0
0
0
0
0
0
0
0
0
0
0
0
0
0
0
0
0
0
0
0
0
0
0
0
0
0
0
0
0
0
0
0
0
0
0
0
0
0
0
0
0
0
0
0
0
0
0
0
0
0
0
0
0
0
0
0
0
0
0
0
0
0
0
0
0
0
0
0
0
0
0
0
0
0
0
0
0
0
0
0
0
0
0
0
0
0
0
0
0
0
0
0
0
0
0
0
0
0
0
0
0
0
0
0
0
0
0
0
0
0
0
0
0
0
0
0
