0.00027639
0.00025572
0.00019421
0.00013088
0.00011468
0.00017192
0.00028768
0.00041379
0.000498
0.00051429
0.00047342
0.00040882
0.00035177
0.00031396
0.00028841
0.00026511
0.0002472
0.00025414
0.00030938
0.00042157
0.00057306
0.00072425
0.0008313
0.00086595
0.00082915
0.00074673
0.00065539
0.00058418
0.0005427
0.00052351
0.00050969
0.00048547
0.00044357
0.00038653
0.00032295
0.00026212
0.00021006
0.0001687
0.00013727
0.00011422
9.8047e-05
8.7526e-05
8.0643e-05
7.4745e-05
6.7857e-05
6.0084e-05
5.4796e-05
5.7669e-05
7.44e-05
0.00010806
0.0001574
0.00021709
0.00027945
0.00033726
0.00038577
0.00042362
0.00045223
0.00047353
0.00048913
0.00049991
0.00050416
0.00049995
0.00048461
0.00045751
0.00042067
0.00037795
0.00033393
0.00029269
0.00025689
0.00022762
0.00020471
0.00018735
0.00017471
0.00016613
0.00016123
0.00015964
0.00016122
0.00016546
0.00017162
0.00017865
0.00018509
0.00018966
0.0001914
0.00018998
0.00018577
0.00017969
0.00017292
0.00016652
0.00016119
0.00015724
0.0001547
0.00015356
0.00015372
0.00015553
0.00015932
0.00016521
0.00017327
0.00018257
0.0001919
0.00019974
0.0002045
0.00020501
0.00020087
0.00019257
0.00018145
0.00016923
0.00015752
0.00014736
0.00013902
0.00013209
0.00012583
0.00011986
0.00011396
0.00010851
0.00010416
0.0001018
0.00010248
0.00010688
0.0001151
0.00012642
0.00013929
0.00015164
0.00016136
0.00016689
0.00016757
0.00016381
0.00015687
0.00014799
0.00013923
0.00013169
0.00012587
0.00012173
0.00011837
0.00011493
0.00011058
0.00010475
9.7209e-05
8.8153e-05
7.8088e-05
6.7705e-05
5.7679e-05
4.8527e-05
4.0538e-05
3.3774e-05
2.815e-05
2.3674e-05
2.0442e-05
1.8677e-05
1.871e-05
2.0822e-05
2.5154e-05
3.1595e-05
3.9712e-05
4.8774e-05
5.7859e-05
6.599e-05
7.2342e-05
7.6374e-05
7.7953e-05
7.7332e-05
7.5031e-05
7.1624e-05
6.7505e-05
6.3196e-05
5.8722e-05
5.4007e-05
4.8857e-05
4.31e-05
3.686e-05
3.0457e-05
2.4327e-05
1.8894e-05
1.4457e-05
1.1132e-05
8.861e-06
7.4688e-06
6.7364e-06
6.4672e-06
6.5163e-06
6.7809e-06
7.2497e-06
7.947e-06
8.9198e-06
1.0239e-05
1.1901e-05
1.3854e-05
1.5957e-05
1.7998e-05
1.9745e-05
2.1025e-05
2.1788e-05
2.2137e-05
2.2306e-05
2.2581e-05
2.3193e-05
2.4239e-05
2.5573e-05
2.6911e-05
2.796e-05
2.8367e-05
2.7941e-05
2.6527e-05
2.4162e-05
2.108e-05
1.7631e-05
1.4213e-05
1.1187e-05
8.8146e-06
7.2108e-06
6.3432e-06
6.0653e-06
6.183e-06
6.5207e-06
6.9757e-06
7.5085e-06
8.2433e-06
9.2916e-06
1.0745e-05
1.2602e-05
1.4693e-05
1.6752e-05
1.8444e-05
1.9432e-05
1.9472e-05
1.8473e-05
1.6546e-05
1.4007e-05
1.1333e-05
9.0888e-06
7.8316e-06
7.9942e-06
9.773e-06
1.3096e-05
1.7634e-05
2.2884e-05
2.838e-05
3.3627e-05
3.8349e-05
4.2463e-05
4.6009e-05
4.9045e-05
5.1522e-05
5.326e-05
5.398e-05
5.343e-05
5.1523e-05
4.8435e-05
4.46e-05
4.0564e-05
3.6908e-05
3.4227e-05
3.2675e-05
3.2185e-05
3.2395e-05
3.2825e-05
3.3103e-05
3.301e-05
3.2517e-05
3.176e-05
3.0961e-05
3.0343e-05
3.0049e-05
3.013e-05
3.0567e-05
3.1336e-05
3.2467e-05
3.389e-05
3.5919e-05
3.8681e-05
4.2225e-05
4.6514e-05
5.1145e-05
5.5726e-05
5.9872e-05
6.3256e-05
6.5681e-05
6.7062e-05
6.7407e-05
6.677e-05
6.5237e-05
6.2941e-05
6.0078e-05
5.6995e-05
5.4004e-05
5.1877e-05
5.148e-05
5.3493e-05
5.8559e-05
6.6581e-05
7.7029e-05
8.886e-05
0.00010064
0.00011078
0.00011788
0.00012105
0.00012002
0.00011525
0.00010769
9.8598e-05
8.9205e-05
8.0429e-05
7.2746e-05
6.6905e-05
6.2911e-05
6.0699e-05
5.9978e-05
6.0234e-05
6.1008e-05
6.1771e-05
6.1958e-05
6.1048e-05
5.8656e-05
5.4627e-05
4.9072e-05
4.2373e-05
3.5102e-05
2.7916e-05
2.1448e-05
1.6158e-05
1.2552e-05
1.0864e-05
1.1193e-05
1.357e-05
1.7821e-05
2.3626e-05
3.0432e-05
3.7467e-05
4.3793e-05
4.8454e-05
5.0652e-05
4.9933e-05
4.63e-05
4.0257e-05
3.2716e-05
2.4834e-05
1.7755e-05
1.2538e-05
9.8514e-06
9.8587e-06
1.2355e-05
1.6775e-05
2.2344e-05
2.8216e-05
3.3595e-05
3.7841e-05
4.054e-05
4.1552e-05
4.0987e-05
3.9157e-05
3.6493e-05
3.3451e-05
3.0428e-05
2.7669e-05
2.5171e-05
2.3103e-05
2.1349e-05
1.9796e-05
1.8384e-05
1.7122e-05
1.6233e-05
1.6089e-05
1.713e-05
1.9745e-05
2.4138e-05
3.0232e-05
3.7614e-05
4.5602e-05
5.3334e-05
5.9934e-05
6.4667e-05
6.6631e-05
6.5954e-05
6.2985e-05
5.8196e-05
5.2403e-05
4.6143e-05
4.0172e-05
3.5237e-05
3.1987e-05
3.0955e-05
3.2454e-05
3.6518e-05
4.2843e-05
5.0806e-05
5.9481e-05
6.7776e-05
7.4621e-05
7.8865e-05
7.9745e-05
7.7603e-05
7.2766e-05
6.6001e-05
5.8044e-05
4.9642e-05
4.1557e-05
3.4402e-05
2.8611e-05
2.4442e-05
2.1967e-05
2.1129e-05
2.1749e-05
2.3563e-05
2.6259e-05
2.9522e-05
3.3047e-05
3.6249e-05
3.9214e-05
4.1834e-05
4.4089e-05
4.6043e-05
4.7587e-05
4.8705e-05
4.935e-05
4.945e-05
4.8926e-05
4.7724e-05
4.585e-05
4.3414e-05
4.0638e-05
3.7841e-05
3.538e-05
3.3569e-05
3.2429e-05
3.1982e-05
3.2064e-05
3.226e-05
3.2204e-05
3.1502e-05
3.0046e-05
2.8e-05
2.5743e-05
2.3731e-05
2.2369e-05
2.1872e-05
2.2219e-05
2.3176e-05
2.4394e-05
2.5516e-05
2.6288e-05
2.6536e-05
2.6161e-05
2.5475e-05
2.4621e-05
2.3744e-05
2.2865e-05
2.1895e-05
2.0739e-05
1.9292e-05
1.7479e-05
1.5285e-05
1.2776e-05
1.0093e-05
7.4375e-06
5.0462e-06
3.1582e-06
1.9796e-06
1.6551e-06
2.2322e-06
3.6533e-06
5.7607e-06
8.3277e-06
1.1101e-05
1.3807e-05
1.6241e-05
1.826e-05
1.9804e-05
2.087e-05
2.149e-05
2.1705e-05
2.1551e-05
2.1075e-05
2.0352e-05
1.9506e-05
1.8711e-05
1.808e-05
1.7805e-05
1.8087e-05
1.8912e-05
2.0187e-05
2.1603e-05
2.2776e-05
2.3327e-05
2.2928e-05
2.1423e-05
1.8838e-05
1.5425e-05
1.1634e-05
8.0409e-06
5.2492e-06
3.7957e-06
4.0465e-06
6.1407e-06
9.8843e-06
1.494e-05
2.078e-05
2.6846e-05
3.2554e-05
3.7354e-05
4.0855e-05
0
