0.040115
0.12034
0.20058
0.28081
0.36104
0.44127
0.5215
0.60173
0.68196
0.76219
0.84242
0.92265
1.0029
1.0831
1.1633
1.2436
1.3238
1.404
1.4843
1.5645
1.6447
1.725
1.8052
1.8854
1.9656
2.0459
2.1261
2.2063
2.2866
2.3668
2.447
2.5273
2.6075
2.6877
2.7679
2.8482
2.9284
3.0086
3.0889
3.1691
3.2493
3.3295
3.4098
3.49
3.5702
3.6505
3.7307
3.8109
3.8912
3.9714
4.0516
4.1319
4.2121
4.2923
4.3725
4.4528
4.533
4.6132
4.6935
4.7737
4.8539
4.9341
5.0144
5.0946
5.1748
5.2551
5.3353
5.4155
5.4958
5.576
5.6562
5.7364
5.8167
5.8969
5.9771
6.0574
6.1376
6.2178
6.2981
6.3783
6.4585
6.5388
6.619
6.6992
6.7794
6.8597
6.9399
7.0201
7.1004
7.1806
7.2608
7.3411
7.4213
7.5015
7.5818
7.662
7.7422
7.8224
7.9027
7.9829
8.0631
8.1434
8.2236
8.3038
8.3841
8.4643
8.5445
8.6247
8.705
8.7852
8.8654
8.9457
9.0259
9.1061
9.1863
9.2666
9.3468
9.427
9.5073
9.5875
9.6677
9.748
9.8282
9.9084
9.9886
10.069
10.149
10.229
10.31
10.39
10.47
10.55
10.631
10.711
10.791
10.871
10.951
11.032
11.112
11.192
11.272
11.353
11.433
11.513
11.593
11.674
11.754
11.834
11.914
11.994
12.075
12.155
12.235
12.315
12.396
12.476
12.556
12.636
12.717
12.797
12.877
12.957
13.037
13.118
13.198
13.278
13.358
13.438
13.519
13.599
13.679
13.759
13.84
13.92
14
14.08
14.161
14.241
14.321
14.401
14.482
14.562
14.642
14.722
14.803
14.883
14.963
15.043
15.123
15.204
15.284
15.364
15.444
15.525
15.605
15.685
15.765
15.845
15.926
16.006
16.086
16.166
16.247
16.327
16.407
16.487
16.567
16.648
16.728
16.808
16.888
16.969
17.049
17.129
17.209
17.29
17.37
17.45
17.53
17.61
17.691
17.771
17.851
17.931
18.012
18.092
18.172
18.252
18.333
18.413
18.493
18.573
18.654
18.734
18.814
18.894
18.974
19.055
19.135
19.215
19.295
19.376
19.456
19.536
19.616
19.697
19.777
19.857
19.937
20.017
20.098
20.178
20.258
20.338
20.419
20.499
20.579
20.659
20.74
20.82
20.9
20.98
21.06
21.141
21.221
21.301
21.381
21.462
21.542
21.622
21.702
21.782
21.863
21.943
22.023
22.103
22.184
22.264
22.344
22.424
22.505
22.585
22.665
22.745
22.826
22.906
22.986
23.066
23.146
23.227
23.307
23.387
23.467
23.547
23.628
23.708
23.788
23.869
23.949
24.029
24.109
24.189
24.27
24.35
24.43
24.51
24.59
24.671
24.751
24.831
24.912
24.992
25.072
25.152
25.232
25.313
25.393
25.473
25.553
25.634
25.714
25.794
25.874
25.954
26.035
26.115
26.195
26.275
26.356
26.436
26.516
26.596
26.677
26.757
26.837
26.917
26.997
27.078
27.158
27.238
27.318
27.399
27.479
27.559
27.639
27.72
27.8
27.88
27.96
28.04
28.121
28.201
28.281
28.361
28.442
28.522
28.602
28.682
28.762
28.843
28.923
29.003
29.083
29.164
29.244
29.324
29.404
29.485
29.565
29.645
29.725
29.805
29.886
29.966
30.046
30.126
30.207
30.287
30.367
30.447
30.528
30.608
30.688
30.768
30.849
30.929
31.009
31.089
31.169
31.25
31.33
31.41
31.49
31.571
31.651
31.731
31.811
31.892
31.972
32.052
32.132
32.212
32.293
32.373
32.453
32.533
32.614
32.694
32.774
32.854
32.935
33.015
33.095
33.175
33.255
33.336
33.416
33.496
33.576
33.657
33.737
33.817
33.897
33.977
34.058
34.138
34.218
34.298
34.379
34.459
34.539
34.619
34.7
34.78
34.86
34.94
35.02
35.101
35.181
35.261
35.341
35.422
35.502
35.582
35.662
35.743
35.823
35.903
35.983
36.063
36.144
36.224
36.304
36.384
36.465
36.545
36.625
36.705
36.785
36.866
36.946
37.026
37.106
37.187
37.267
37.347
37.427
37.508
37.588
37.668
37.748
37.828
37.909
37.989
38.069
38.149
38.23
38.31
38.39
38.47
38.551
38.631
38.711
38.791
38.871
38.952
39.032
39.112
39.192
39.273
39.353
39.433
39.513
39.594
39.674
39.754
39.834
39.914
39.995
0
