0.40101
0.44141
0.48461
0.52715
0.5685
0.60748
0.64229
0.6716
0.6942
0.7088
0.7143
0.7069
0.69059
0.66569
0.63308
0.59393
0.54944
0.50133
0.45074
0.40059
0.35363
0.3122
0.27835
0.25386
0.24052
0.23954
0.25234
0.27976
0.32064
0.37478
0.44075
0.51717
0.60228
0.69345
0.78727
0.87894
0.96734
1.0495
1.1228
1.1852
1.2338
1.2669
1.2792
1.2694
1.2424
1.1983
1.1386
1.0647
0.97967
0.88574
0.784
0.68001
0.57913
0.48511
0.4014
0.33116
0.27731
0.24211
0.22929
0.23891
0.27055
0.32361
0.39659
0.48756
0.59388
0.71224
0.83661
0.96252
1.087
1.205
1.3128
1.4065
1.4825
1.5387
1.5652
1.5669
1.5452
1.5013
1.4372
1.3551
1.2586
1.1518
1.037
0.92349
0.81659
0.72148
0.64281
0.58539
0.55274
0.54795
0.57611
0.63494
0.72375
0.84121
0.98445
1.1499
1.3324
1.5273
1.7231
1.9162
2.1001
2.2684
2.4155
2.5362
2.626
2.6791
2.685
2.655
2.5887
2.489
2.3595
2.2051
2.0323
1.8461
1.6541
1.4684
1.2967
1.1469
1.0255
0.93874
0.89101
0.88916
0.93502
1.0261
1.1605
1.3349
1.5445
1.7831
2.0431
2.3142
2.584
2.8477
3.094
3.315
3.5037
3.653
3.7597
3.8124
3.8119
3.765
3.6752
3.5489
3.391
3.2103
3.0162
2.8168
2.6269
2.4569
2.3168
2.2146
2.1585
2.1536
2.2033
2.3129
2.4784
2.6941
2.9548
3.2521
3.5768
3.9168
4.2638
4.5967
4.9062
5.1828
5.4163
5.5995
5.7264
5.7929
5.7984
5.7331
5.6164
5.4542
5.2578
5.0395
4.812
4.5909
4.3909
4.2312
4.1239
4.0807
4.112
4.2234
4.4191
4.6995
5.062
5.5041
6.0081
6.5608
7.1459
7.7476
8.3469
8.9238
9.4584
9.9203
10.308
10.609
10.814
10.921
10.927
10.841
10.666
10.412
10.109
9.7774
9.4398
9.1217
8.8478
8.6429
8.5324
8.5458
8.69
8.9767
9.4103
9.9961
10.728
11.592
12.577
13.657
14.803
15.988
17.179
18.346
19.452
20.485
21.393
22.156
22.772
23.233
23.538
23.695
23.714
23.618
23.421
23.176
22.913
22.676
22.502
22.432
22.503
22.748
23.207
23.897
24.82
25.985
27.379
28.988
30.786
32.748
34.834
36.987
39.161
41.305
43.38
45.339
47.137
48.744
50.105
51.237
52.139
52.82
53.303
53.619
53.819
53.946
54.065
54.247
54.556
55.062
55.82
56.886
58.304
60.11
62.373
65.05
68.135
71.597
75.415
79.533
83.878
88.382
92.95
97.505
101.97
106.26
110.3
114.01
117.4
120.39
122.94
125.09
126.87
128.35
129.56
130.59
131.53
132.47
133.57
134.89
136.54
138.63
141.23
144.42
148.23
152.72
157.9
163.7
170.1
177
184.33
191.95
199.79
207.68
215.46
223.02
230.22
236.97
243.17
248.74
253.62
257.75
261.19
263.97
266.16
267.87
269.21
270.32
271.34
272.44
273.78
275.53
277.83
280.77
284.47
289
294.4
300.73
307.9
315.83
324.41
333.54
343.05
352.74
362.42
371.86
380.87
389.25
396.82
403.43
408.93
413.26
416.33
417.98
418.35
417.5
415.54
412.56
408.73
404.24
399.26
393.99
388.66
383.48
378.64
374.31
370.59
367.61
365.47
364.24
363.88
364.35
365.55
367.4
369.75
372.48
375.38
378.27
380.96
383.26
385.02
386.09
386.31
385.6
383.85
380.93
376.93
371.85
365.76
358.75
350.84
342.21
332.99
323.3
313.37
303.33
293.38
283.66
274.33
265.54
257.42
250.14
243.77
238.4
234.08
230.87
228.83
227.99
228.42
230.12
233.07
237.2
242.5
248.93
256.45
265.01
274.55
284.97
296.11
307.9
320.22
332.88
345.76
358.65
371.43
383.87
395.8
407.07
417.5
426.99
435.37
442.53
448.28
452.62
455.63
457.26
457.57
456.66
454.66
451.65
447.8
443.36
438.55
433.58
428.67
423.99
419.76
416.14
413.35
411.33
410.26
410.13
410.9
412.56
414.95
417.94
421.37
425.03
428.73
432.2
435.29
437.75
439.42
440.16
439.72
438.12
435.32
431.33
426.22
420.1
413.08
405.34
397.06
388.4
379.79
371.39
363.45
356.11
349.68
344.24
339.91
336.82
334.93
334.21
334.68
336.17
338.57
341.6
345.19
349.01
352.91
356.62
360
362.85
365.01
366.34
366.78
366.33
365.03
362.96
360.22
357.04
353.39
349.63
345.94
342.57
339.74
337.63
336.39
336.21
337.16
339.4
342.69
347.22
352.87
359.45
366.92
374.99
383.46
392.04
400.52
408.71
416.32
423.22
429.21
434.12
437.97
440.5
441.81
441.99
441.11
439.31
436.74
433.57
430.01
426.28
422.56
419.14
416.17
413.82
412.18
411.44
411.6
412.72
414.75
417.6
421.16
425.33
429.91
434.73
439.54
444.17
448.35
451.91
454.67
456.44
457.09
456.52
454.61
451.23
446.47
440.36
432.96
424.38
414.72
404.08
392.61
380.46
367.87
355.02
342.05
329.15
316.5
304.23
292.55
281.47
271.23
261.87
253.5
246.16
239.93
234.85
231.02
228.48
227.19
227.11
228.27
230.64
234.19
238.87
244.66
251.49
259.2
267.67
276.82
286.49
296.53
306.78
317.05
327.21
337.03
346.37
355.09
363.04
370.1
376.16
381.08
384.84
387.46
389.01
389.49
389
387.66
385.6
382.97
379.97
376.8
373.67
370.74
368.2
366.2
364.89
364.42
364.82
366.16
368.37
371.45
375.3
379.8
384.83
390.22
395.72
401.14
406.28
410.92
414.87
417.94
419.98
420.74
420.23
418.41
415.28
410.85
405.19
398.41
390.64
381.98
372.73
363.03
353.14
343.26
333.58
324.27
315.51
307.47
300.23
293.86
288.36
283.71
279.92
276.9
274.57
272.78
271.39
270.22
269.13
267.96
266.53
264.74
262.45
259.53
255.97
251.7
246.74
241.12
234.88
228.12
220.83
213.22
205.42
197.57
189.8
182.21
174.96
168.14
161.87
156.22
151.21
146.86
143.17
140.12
137.63
135.65
134.12
132.93
131.95
131.07
130.17
129.19
128.01
126.56
124.75
122.53
119.91
116.88
113.46
109.66
105.54
101.17
96.598
91.935
87.256
82.658
78.222
74.023
70.126
66.572
63.451
60.76
58.506
56.679
55.253
54.203
53.482
53.035
52.818
52.729
52.712
52.698
52.627
52.442
52.096
51.554
50.761
49.731
48.465
46.964
45.263
43.388
41.38
39.272
37.113
34.968
32.886
30.913
29.086
27.44
26.006
24.805
23.864
23.155
22.678
22.412
22.332
22.407
22.598
22.871
23.18
23.48
23.734
23.909
23.975
23.91
23.696
23.318
22.757
22.045
21.192
20.217
19.143
17.996
16.807
15.604
14.422
13.297
12.252
11.312
10.495
9.8154
9.2754
8.8905
8.6533
8.5475
8.559
8.6686
8.8556
9.0976
9.3701
9.6495
9.9007
10.112
10.264
10.342
10.337
10.24
10.052
9.7628
9.3886
8.9453
8.442
7.9006
7.3365
6.7677
6.2133
5.6886
5.2141
4.8019
4.4627
4.2018
4.0229
3.927
3.9104
3.9729
4.0977
4.2719
4.4826
4.7149
4.9556
5.1866
5.3967
5.5635
5.683
5.7479
5.7538
5.6964
5.5774
5.3991
5.168
4.8776
4.5544
4.2078
3.8494
3.4919
3.1463
2.8235
2.5341
2.2891
2.0942
1.9519
1.8651
1.8329
1.8527
1.9204
2.0299
2.1738
2.3401
2.5196
2.7023
2.8783
3.0394
3.1774
3.2812
3.3451
3.3677
3.3494
3.2901
3.1929
3.0598
2.8964
2.7059
2.4958
2.2783
2.0625
1.8539
1.6606
1.4886
1.344
1.2315
1.1553
1.1151
1.1107
1.1398
1.1994
1.2859
1.3943
1.5181
1.6504
1.7834
1.9118
2.0294
2.1321
2.2126
2.2693
2.2933
2.2862
2.2508
2.189
2.1017
1.9932
1.8669
1.7288
1.5772
1.4245
1.2759
1.1363
1.0104
0.90161
0.81295
0.74683
0.70667
0.69148
0.69906
0.72862
0.77733
0.84193
0.91922
1.0044
1.0915
1.1766
1.256
1.3256
1.3817
1.4225
1.4458
1.4493
1.4279
1.3867
1.3283
1.2545
1.1682
1.0718
0.96922
0.86373
0.75798
0.65848
0.56919
0.49228
0.43065
0.38619
0.3606
0.35437
0.36892
0.40164
0.45084
0.51449
0.58994
0.67404
0.76371
0.85428
0.94055
1.0197
1.0899
1.148
1.1916
1.22
1.231
1.2208
1.188
1.1386
1.0744
0.99662
0.90833
0.81206
0.71028
0.60602
0.50171
0.40334
0.31366
0.23531
0.17035
0.12047
0.08697
0.071362
0.07373
0.092617
0.12719
0.17582
0.23657
0.30733
0.38534
0.46639
0.54742
0.62662
0.70126
0.76856
0.8273
0.87548
0.91156
0.9298
0.93221
0.92163
0.89849
0.86424
0.81929
0.76574
0.7056
0.63717
0.56654
0.49714
0.43021
0.36803
0.31219
0.26441
0.22518
0.19665
0.17882
0
