0.7018
0.65269
0.60174
0.5491
0.49797
0.44907
0.40396
0.36371
0.32935
0.30223
0.28305
0.2734
0.27321
0.28287
0.30255
0.33217
0.37163
0.4205
0.47861
0.54377
0.61574
0.6931
0.77446
0.85882
0.94426
1.0294
1.1118
1.1882
1.2596
1.3231
1.3792
1.4263
1.463
1.4899
1.5025
1.5007
1.4874
1.4632
1.428
1.3824
1.3281
1.2659
1.1954
1.1197
1.0409
0.9615
0.88317
0.80804
0.73733
0.67323
0.61782
0.5729
0.53964
0.5192
0.51225
0.51951
0.54126
0.57777
0.62904
0.6942
0.77178
0.86045
0.9591
1.0659
1.1788
1.296
1.4133
1.5297
1.642
1.7493
1.8492
1.9391
2.0192
2.0857
2.1334
2.1649
2.1808
2.1807
2.164
2.132
2.0854
2.0244
1.9494
1.8636
1.7706
1.6726
1.5726
1.4726
1.3755
1.2842
1.2018
1.1311
1.0747
1.0342
1.0117
1.0084
1.0257
1.0642
1.1256
1.2079
1.3099
1.4308
1.5691
1.722
1.8876
2.0625
2.2432
2.4256
2.6074
2.7851
2.9542
3.1147
3.2608
3.3882
3.4913
3.5727
3.6319
3.6659
3.6756
3.6606
3.6234
3.558
3.4696
3.3634
3.2421
3.1094
2.9685
2.8233
2.678
2.5368
2.4054
2.2869
2.1867
2.1078
2.0537
2.0274
2.0309
2.0679
2.1391
2.2433
2.3801
2.5479
2.7452
2.9693
3.2163
3.4845
3.7658
4.0567
4.3518
4.6469
4.9352
5.2121
5.4731
5.7076
5.9131
6.0914
6.2351
6.3442
6.4166
6.4542
6.4526
6.4108
6.3356
6.2312
6.1028
5.9553
5.793
5.6227
5.4506
5.2849
5.1319
5.0003
4.8962
4.8257
4.7953
4.8096
4.8728
4.9938
5.1697
5.4019
5.6894
6.0312
6.4245
6.8638
7.3502
7.8713
8.4206
8.9895
9.571
10.156
10.733
11.296
11.833
12.325
12.784
13.189
13.539
13.829
14.06
14.223
14.32
14.346
14.312
14.225
14.094
13.922
13.72
13.498
13.27
13.047
12.844
12.673
12.549
12.482
12.485
12.568
12.744
13.024
13.408
13.9
14.501
15.211
16.027
16.947
17.962
19.064
20.236
21.467
22.744
24.048
25.364
26.674
27.96
29.196
30.375
31.483
32.502
33.431
34.253
34.961
35.542
35.999
36.347
36.581
36.718
36.767
36.74
36.662
36.54
36.405
36.282
36.193
36.165
36.219
36.382
36.675
37.132
37.77
38.597
39.627
40.87
42.332
44.02
45.927
48.064
50.4
52.923
55.625
58.469
61.435
64.493
67.624
70.782
73.936
77.058
80.106
83.077
85.932
88.635
91.171
93.495
95.636
97.567
99.295
100.82
102.15
103.32
104.32
105.19
105.95
106.65
107.34
108.04
108.8
109.66
110.67
111.9
113.36
115.1
117.15
119.53
122.29
125.44
129
132.98
137.35
142.15
147.3
152.81
158.63
164.76
171.13
177.68
184.37
191.12
197.91
204.66
211.3
217.79
224.03
230.03
235.69
241.01
245.94
250.46
254.57
258.24
261.46
264.25
266.64
268.69
270.42
271.87
273.11
274.18
275.19
276.17
277.21
278.38
279.76
281.42
283.42
285.82
288.7
292.08
296.04
300.55
305.65
311.31
317.56
324.39
331.76
339.61
347.88
356.51
365.44
374.56
383.79
393.02
402.2
411.17
419.84
428.13
435.95
443.21
449.83
455.72
460.75
464.93
468.26
470.68
472.17
472.75
472.42
471.19
469.05
466.12
462.48
458.17
453.28
447.9
442.13
436.05
429.73
423.32
416.91
410.59
404.47
398.55
392.97
387.8
383.11
378.91
375.22
372.09
369.51
367.47
365.95
365
364.53
364.48
364.81
365.45
366.35
367.44
368.65
369.92
371.15
372.29
373.27
374.03
374.53
374.71
374.52
373.93
372.89
371.43
369.53
367.15
364.36
361.15
357.55
353.55
349.19
344.53
339.63
334.55
329.26
323.86
318.4
312.9
307.42
302.02
296.72
291.58
286.62
281.91
277.4
273.22
269.35
265.84
262.7
259.96
257.65
255.8
254.44
253.65
253.44
253.83
254.87
256.6
259.09
262.37
266.51
271.65
277.76
284.9
293.16
302.56
313.15
324.96
338.13
352.69
368.59
385.84
404.42
424.39
445.69
468.24
492.01
516.85
542.91
569.79
597.46
625.75
654.52
683.68
712.92
742
770.74
798.96
826.64
853.27
878.75
902.82
925.32
945.94
964.56
981.06
995.28
1007.1
1016.5
1023.2
1027.1
1028.2
1026.7
1022.3
1015.4
1005.9
993.89
979.4
962.57
943.53
922.6
899.92
875.65
850.05
823.32
795.68
767.37
738.33
709.13
679.9
650.85
622.1
593.8
566.19
539.41
513.61
488.86
465.18
442.78
421.66
401.92
383.46
366.43
350.81
336.53
323.61
311.95
301.52
292.32
284.25
277.38
271.5
266.61
262.62
259.48
257.14
255.53
254.61
254.39
254.77
255.7
257.14
259.07
261.45
264.26
267.43
271.05
274.97
279.19
283.69
288.44
293.41
298.56
303.85
309.22
314.63
320.1
325.52
330.86
336.06
341.1
345.92
350.43
354.64
358.5
361.99
365.09
367.75
369.98
371.74
373.03
373.89
374.33
374.39
374.09
373.48
372.61
371.52
370.28
368.97
367.65
366.4
365.28
364.36
363.72
363.41
363.51
364.07
365.11
366.67
368.76
371.42
374.63
378.41
382.75
387.56
392.82
398.46
404.43
410.65
417.03
423.5
429.92
436.23
442.35
448.14
453.52
458.41
462.73
466.32
469.17
471.22
472.42
472.75
472.19
470.7
468.31
464.95
460.73
455.66
449.84
443.31
436.17
428.46
420.28
411.7
402.85
393.85
384.77
375.69
366.74
358
349.56
341.44
333.77
326.57
319.88
313.75
308.15
303.12
298.65
294.77
291.41
288.51
286.04
283.95
282.17
280.65
279.31
278.08
276.88
275.65
274.32
272.81
271.09
269.08
266.75
264.03
260.91
257.39
253.45
249.1
244.32
239.15
233.6
227.7
221.52
215.08
208.46
201.71
194.88
188.07
181.22
174.5
167.95
161.62
155.55
149.77
144.33
139.26
134.6
130.37
126.52
123.11
120.1
117.48
115.23
113.32
111.74
110.45
109.38
108.5
107.76
107.12
106.54
105.97
105.35
104.67
103.87
102.93
101.83
100.53
99.045
97.346
95.412
93.267
90.904
88.36
85.644
82.779
79.788
76.695
73.525
70.324
67.131
63.969
60.864
57.863
54.986
52.262
49.72
47.371
45.234
43.317
41.631
40.165
38.925
37.909
37.12
36.525
36.105
35.842
35.715
35.698
35.771
35.9
36.068
36.242
36.4
36.517
36.577
36.561
36.453
36.239
35.901
35.436
34.853
34.15
33.331
32.398
31.367
30.242
29.032
27.768
26.462
25.126
23.789
22.464
21.17
19.918
18.731
17.622
16.602
15.684
14.866
14.159
13.568
13.096
12.744
12.498
12.354
12.304
12.339
12.444
12.613
12.83
13.08
13.348
13.62
13.883
14.127
14.339
14.509
14.62
14.672
14.659
14.578
14.429
14.209
13.923
13.572
13.153
12.68
12.16
11.606
11.023
10.423
9.8155
9.2056
8.6063
8.0281
7.48
6.969
6.5012
6.0826
5.7172
5.4081
5.1626
4.974
4.8439
4.7691
4.7461
4.7701
4.8371
4.9405
5.0755
5.232
5.4026
5.58
5.7579
5.9288
6.0866
6.2235
6.3324
6.4106
6.4557
6.4656
6.4377
6.3724
6.2701
6.1302
5.9503
5.739
5.5024
5.2433
4.9667
4.6787
4.3812
4.0823
3.786
3.5001
3.2289
2.9767
2.748
2.5458
2.3728
2.2328
2.1258
2.0532
2.0136
2.0061
2.0287
2.0796
2.1558
2.2546
2.3717
2.502
2.6412
2.7852
2.9297
3.0705
3.203
3.3225
3.4237
3.5061
3.5671
3.6056
3.6206
3.6104
3.5753
3.5114
3.4206
3.3089
3.1774
3.0289
2.8656
2.6916
2.5095
2.3202
2.1298
1.9427
1.7617
1.5907
1.432
1.2883
1.1615
1.055
0.96956
0.90569
0.86384
0.84365
0.84472
0.86621
0.90669
0.96561
1.0391
1.1254
1.2213
1.3243
1.4317
1.5405
1.6486
1.7497
1.8438
1.9282
2.0015
2.0622
2.1085
2.1394
2.1541
2.1463
2.1227
2.0831
2.0286
1.9599
1.8789
1.7871
1.6854
1.5736
1.4575
1.3391
1.221
1.1051
0.99362
0.88803
0.79067
0.70316
0.62718
0.56384
0.51365
0.47713
0.45469
0.44613
0.45158
0.47053
0.50151
0.54304
0.59389
0.65262
0.71745
0.78698
0.85879
0.9304
1.0006
1.0678
1.1308
1.1877
1.2376
1.2793
1.3097
1.3282
1.3363
1.334
1.3212
1.2984
1.2663
1.2252
1.1741
1.1144
1.0501
0.98175
0.91079
0.83875
0.76672
0.69651
0.62867
0.56527
0.50771
0.45699
0.41409
0.37941
0.35353
0.33682
0.32987
0.33246
0.34383
0.36357
0.39088
0.42526
0.4657
0.51114
0.55991
0.61085
0.66276
0.7147
0.76533
0.81361
0.8582
0.89885
0.93083
0.95619
0
